nmax : 
25
Wavelength (micrometers) : 
0.555
Re(nmat) : 
1.6
radius
0.632
Re (nincl) : Im (ninc)
2.75
1.72

SphericalTMatrix          
--------------------------
nmax    :    25
dimtn   :  1350
--------------------------
   i_    n    m        re(Tmatrix)        im(Tmatrix)
    1    1    1   -3.022942907e-01   -1.023520826e-01
    2    1    0   -3.022942907e-01   -1.023520826e-01
    3    1   -1   -3.022942907e-01   -1.023520826e-01
    4    2    2   -6.513973268e-01    1.672959798e-01
    5    2    1   -6.513973268e-01    1.672959798e-01
    6    2    0   -6.513973268e-01    1.672959798e-01
    7    2   -1   -6.513973268e-01    1.672959798e-01
    8    2   -2   -6.513973268e-01    1.672959798e-01
    9    3    3   -4.552241172e-01   -2.259033326e-01
   10    3    2   -4.552241172e-01   -2.259033326e-01
   11    3    1   -4.552241172e-01   -2.259033326e-01
   12    3    0   -4.552241172e-01   -2.259033326e-01
   13    3   -1   -4.552241172e-01   -2.259033326e-01
   14    3   -2   -4.552241172e-01   -2.259033326e-01
   15    3   -3   -4.552241172e-01   -2.259033326e-01
   16    4    4   -3.800406082e-01    2.042266277e-01
   17    4    3   -3.800406082e-01    2.042266277e-01
   18    4    2   -3.800406082e-01    2.042266277e-01
   19    4    1   -3.800406082e-01    2.042266277e-01
   20    4    0   -3.800406082e-01    2.042266277e-01
   21    4   -1   -3.800406082e-01    2.042266277e-01
   22    4   -2   -3.800406082e-01    2.042266277e-01
   23    4   -3   -3.800406082e-01    2.042266277e-01
   24    4   -4   -3.800406082e-01    2.042266277e-01
   25    5    5   -7.438747862e-01   -2.929625492e-02
   26    5    4   -7.438747862e-01   -2.929625492e-02
   27    5    3   -7.438747862e-01   -2.929625492e-02
   28    5    2   -7.438747862e-01   -2.929625492e-02
   29    5    1   -7.438747862e-01   -2.929625492e-02
   30    5    0   -7.438747862e-01   -2.929625492e-02
   31    5   -1   -7.438747862e-01   -2.929625492e-02
   32    5   -2   -7.438747862e-01   -2.929625492e-02
   33    5   -3   -7.438747862e-01   -2.929625492e-02
   34    5   -4   -7.438747862e-01   -2.929625492e-02
   35    5   -5   -7.438747862e-01   -2.929625492e-02
   36    6    6   -3.617019249e-01   -2.167679318e-01
   37    6    5   -3.617019249e-01   -2.167679318e-01
   38    6    4   -3.617019249e-01   -2.167679318e-01
   39    6    3   -3.617019249e-01   -2.167679318e-01
   40    6    2   -3.617019249e-01   -2.167679318e-01
   41    6    1   -3.617019249e-01   -2.167679318e-01
   42    6    0   -3.617019249e-01   -2.167679318e-01
   43    6   -1   -3.617019249e-01   -2.167679318e-01
   44    6   -2   -3.617019249e-01   -2.167679318e-01
   45    6   -3   -3.617019249e-01   -2.167679318e-01
   46    6   -4   -3.617019249e-01   -2.167679318e-01
   47    6   -5   -3.617019249e-01   -2.167679318e-01
   48    6   -6   -3.617019249e-01   -2.167679318e-01
   49    7    7   -3.108130857e-01    1.955540910e-01
   50    7    6   -3.108130857e-01    1.955540910e-01
   51    7    5   -3.108130857e-01    1.955540910e-01
   52    7    4   -3.108130857e-01    1.955540910e-01
   53    7    3   -3.108130857e-01    1.955540910e-01
   54    7    2   -3.108130857e-01    1.955540910e-01
   55    7    1   -3.108130857e-01    1.955540910e-01
   56    7    0   -3.108130857e-01    1.955540910e-01
   57    7   -1   -3.108130857e-01    1.955540910e-01
   58    7   -2   -3.108130857e-01    1.955540910e-01
   59    7   -3   -3.108130857e-01    1.955540910e-01
   60    7   -4   -3.108130857e-01    1.955540910e-01
   61    7   -5   -3.108130857e-01    1.955540910e-01
   62    7   -6   -3.108130857e-01    1.955540910e-01
   63    7   -7   -3.108130857e-01    1.955540910e-01
   64    8    8   -7.103704731e-01    2.019211889e-01
   65    8    7   -7.103704731e-01    2.019211889e-01
   66    8    6   -7.103704731e-01    2.019211889e-01
   67    8    5   -7.103704731e-01    2.019211889e-01
   68    8    4   -7.103704731e-01    2.019211889e-01
   69    8    3   -7.103704731e-01    2.019211889e-01
   70    8    2   -7.103704731e-01    2.019211889e-01
   71    8    1   -7.103704731e-01    2.019211889e-01
   72    8    0   -7.103704731e-01    2.019211889e-01
   73    8   -1   -7.103704731e-01    2.019211889e-01
   74    8   -2   -7.103704731e-01    2.019211889e-01
   75    8   -3   -7.103704731e-01    2.019211889e-01
   76    8   -4   -7.103704731e-01    2.019211889e-01
   77    8   -5   -7.103704731e-01    2.019211889e-01
   78    8   -6   -7.103704731e-01    2.019211889e-01
   79    8   -7   -7.103704731e-01    2.019211889e-01
   80    8   -8   -7.103704731e-01    2.019211889e-01
   81    9    9   -7.687939721e-01   -1.683052566e-01
   82    9    8   -7.687939721e-01   -1.683052566e-01
   83    9    7   -7.687939721e-01   -1.683052566e-01
   84    9    6   -7.687939721e-01   -1.683052566e-01
   85    9    5   -7.687939721e-01   -1.683052566e-01
   86    9    4   -7.687939721e-01   -1.683052566e-01
   87    9    3   -7.687939721e-01   -1.683052566e-01
   88    9    2   -7.687939721e-01   -1.683052566e-01
   89    9    1   -7.687939721e-01   -1.683052566e-01
   90    9    0   -7.687939721e-01   -1.683052566e-01
   91    9   -1   -7.687939721e-01   -1.683052566e-01
   92    9   -2   -7.687939721e-01   -1.683052566e-01
   93    9   -3   -7.687939721e-01   -1.683052566e-01
   94    9   -4   -7.687939721e-01   -1.683052566e-01
   95    9   -5   -7.687939721e-01   -1.683052566e-01
   96    9   -6   -7.687939721e-01   -1.683052566e-01
   97    9   -7   -7.687939721e-01   -1.683052566e-01
   98    9   -8   -7.687939721e-01   -1.683052566e-01
   99    9   -9   -7.687939721e-01   -1.683052566e-01
  100   10   10   -4.864589980e-01   -3.501297571e-01
  101   10    9   -4.864589980e-01   -3.501297571e-01
  102   10    8   -4.864589980e-01   -3.501297571e-01
  103   10    7   -4.864589980e-01   -3.501297571e-01
  104   10    6   -4.864589980e-01   -3.501297571e-01
  105   10    5   -4.864589980e-01   -3.501297571e-01
  106   10    4   -4.864589980e-01   -3.501297571e-01
  107   10    3   -4.864589980e-01   -3.501297571e-01
  108   10    2   -4.864589980e-01   -3.501297571e-01
  109   10    1   -4.864589980e-01   -3.501297571e-01
  110   10    0   -4.864589980e-01   -3.501297571e-01
  111   10   -1   -4.864589980e-01   -3.501297571e-01
  112   10   -2   -4.864589980e-01   -3.501297571e-01
  113   10   -3   -4.864589980e-01   -3.501297571e-01
  114   10   -4   -4.864589980e-01   -3.501297571e-01
  115   10   -5   -4.864589980e-01   -3.501297571e-01
  116   10   -6   -4.864589980e-01   -3.501297571e-01
  117   10   -7   -4.864589980e-01   -3.501297571e-01
  118   10   -8   -4.864589980e-01   -3.501297571e-01
  119   10   -9   -4.864589980e-01   -3.501297571e-01
  120   10  -10   -4.864589980e-01   -3.501297571e-01
  121   11   11   -2.208388130e-01   -2.747925555e-01
  122   11   10   -2.208388130e-01   -2.747925555e-01
  123   11    9   -2.208388130e-01   -2.747925555e-01
  124   11    8   -2.208388130e-01   -2.747925555e-01
  125   11    7   -2.208388130e-01   -2.747925555e-01
  126   11    6   -2.208388130e-01   -2.747925555e-01
  127   11    5   -2.208388130e-01   -2.747925555e-01
  128   11    4   -2.208388130e-01   -2.747925555e-01
  129   11    3   -2.208388130e-01   -2.747925555e-01
  130   11    2   -2.208388130e-01   -2.747925555e-01
  131   11    1   -2.208388130e-01   -2.747925555e-01
  132   11    0   -2.208388130e-01   -2.747925555e-01
  133   11   -1   -2.208388130e-01   -2.747925555e-01
  134   11   -2   -2.208388130e-01   -2.747925555e-01
  135   11   -3   -2.208388130e-01   -2.747925555e-01
  136   11   -4   -2.208388130e-01   -2.747925555e-01
  137   11   -5   -2.208388130e-01   -2.747925555e-01
  138   11   -6   -2.208388130e-01   -2.747925555e-01
  139   11   -7   -2.208388130e-01   -2.747925555e-01
  140   11   -8   -2.208388130e-01   -2.747925555e-01
  141   11   -9   -2.208388130e-01   -2.747925555e-01
  142   11  -10   -2.208388130e-01   -2.747925555e-01
  143   11  -11   -2.208388130e-01   -2.747925555e-01
  144   12   12   -8.546717484e-02   -1.360457399e-01
  145   12   11   -8.546717484e-02   -1.360457399e-01
  146   12   10   -8.546717484e-02   -1.360457399e-01
  147   12    9   -8.546717484e-02   -1.360457399e-01
  148   12    8   -8.546717484e-02   -1.360457399e-01
  149   12    7   -8.546717484e-02   -1.360457399e-01
  150   12    6   -8.546717484e-02   -1.360457399e-01
  151   12    5   -8.546717484e-02   -1.360457399e-01
  152   12    4   -8.546717484e-02   -1.360457399e-01
  153   12    3   -8.546717484e-02   -1.360457399e-01
  154   12    2   -8.546717484e-02   -1.360457399e-01
  155   12    1   -8.546717484e-02   -1.360457399e-01
  156   12    0   -8.546717484e-02   -1.360457399e-01
  157   12   -1   -8.546717484e-02   -1.360457399e-01
  158   12   -2   -8.546717484e-02   -1.360457399e-01
  159   12   -3   -8.546717484e-02   -1.360457399e-01
  160   12   -4   -8.546717484e-02   -1.360457399e-01
  161   12   -5   -8.546717484e-02   -1.360457399e-01
  162   12   -6   -8.546717484e-02   -1.360457399e-01
  163   12   -7   -8.546717484e-02   -1.360457399e-01
  164   12   -8   -8.546717484e-02   -1.360457399e-01
  165   12   -9   -8.546717484e-02   -1.360457399e-01
  166   12  -10   -8.546717484e-02   -1.360457399e-01
  167   12  -11   -8.546717484e-02   -1.360457399e-01
  168   12  -12   -8.546717484e-02   -1.360457399e-01
  169   13   13   -3.004522064e-02   -4.647053350e-02
  170   13   12   -3.004522064e-02   -4.647053350e-02
  171   13   11   -3.004522064e-02   -4.647053350e-02
  172   13   10   -3.004522064e-02   -4.647053350e-02
  173   13    9   -3.004522064e-02   -4.647053350e-02
  174   13    8   -3.004522064e-02   -4.647053350e-02
  175   13    7   -3.004522064e-02   -4.647053350e-02
  176   13    6   -3.004522064e-02   -4.647053350e-02
  177   13    5   -3.004522064e-02   -4.647053350e-02
  178   13    4   -3.004522064e-02   -4.647053350e-02
  179   13    3   -3.004522064e-02   -4.647053350e-02
  180   13    2   -3.004522064e-02   -4.647053350e-02
  181   13    1   -3.004522064e-02   -4.647053350e-02
  182   13    0   -3.004522064e-02   -4.647053350e-02
  183   13   -1   -3.004522064e-02   -4.647053350e-02
  184   13   -2   -3.004522064e-02   -4.647053350e-02
  185   13   -3   -3.004522064e-02   -4.647053350e-02
  186   13   -4   -3.004522064e-02   -4.647053350e-02
  187   13   -5   -3.004522064e-02   -4.647053350e-02
  188   13   -6   -3.004522064e-02   -4.647053350e-02
  189   13   -7   -3.004522064e-02   -4.647053350e-02
  190   13   -8   -3.004522064e-02   -4.647053350e-02
  191   13   -9   -3.004522064e-02   -4.647053350e-02
  192   13  -10   -3.004522064e-02   -4.647053350e-02
  193   13  -11   -3.004522064e-02   -4.647053350e-02
  194   13  -12   -3.004522064e-02   -4.647053350e-02
  195   13  -13   -3.004522064e-02   -4.647053350e-02
  196   14   14   -8.741579974e-03   -1.136766176e-02
  197   14   13   -8.741579974e-03   -1.136766176e-02
  198   14   12   -8.741579974e-03   -1.136766176e-02
  199   14   11   -8.741579974e-03   -1.136766176e-02
  200   14   10   -8.741579974e-03   -1.136766176e-02
  201   14    9   -8.741579974e-03   -1.136766176e-02
  202   14    8   -8.741579974e-03   -1.136766176e-02
  203   14    7   -8.741579974e-03   -1.136766176e-02
  204   14    6   -8.741579974e-03   -1.136766176e-02
  205   14    5   -8.741579974e-03   -1.136766176e-02
  206   14    4   -8.741579974e-03   -1.136766176e-02
  207   14    3   -8.741579974e-03   -1.136766176e-02
  208   14    2   -8.741579974e-03   -1.136766176e-02
  209   14    1   -8.741579974e-03   -1.136766176e-02
  210   14    0   -8.741579974e-03   -1.136766176e-02
  211   14   -1   -8.741579974e-03   -1.136766176e-02
  212   14   -2   -8.741579974e-03   -1.136766176e-02
  213   14   -3   -8.741579974e-03   -1.136766176e-02
  214   14   -4   -8.741579974e-03   -1.136766176e-02
  215   14   -5   -8.741579974e-03   -1.136766176e-02
  216   14   -6   -8.741579974e-03   -1.136766176e-02
  217   14   -7   -8.741579974e-03   -1.136766176e-02
  218   14   -8   -8.741579974e-03   -1.136766176e-02
  219   14   -9   -8.741579974e-03   -1.136766176e-02
  220   14  -10   -8.741579974e-03   -1.136766176e-02
  221   14  -11   -8.741579974e-03   -1.136766176e-02
  222   14  -12   -8.741579974e-03   -1.136766176e-02
  223   14  -13   -8.741579974e-03   -1.136766176e-02
  224   14  -14   -8.741579974e-03   -1.136766176e-02
  225   15   15   -1.978983567e-03   -2.111214358e-03
  226   15   14   -1.978983567e-03   -2.111214358e-03
  227   15   13   -1.978983567e-03   -2.111214358e-03
  228   15   12   -1.978983567e-03   -2.111214358e-03
  229   15   11   -1.978983567e-03   -2.111214358e-03
  230   15   10   -1.978983567e-03   -2.111214358e-03
  231   15    9   -1.978983567e-03   -2.111214358e-03
  232   15    8   -1.978983567e-03   -2.111214358e-03
  233   15    7   -1.978983567e-03   -2.111214358e-03
  234   15    6   -1.978983567e-03   -2.111214358e-03
  235   15    5   -1.978983567e-03   -2.111214358e-03
  236   15    4   -1.978983567e-03   -2.111214358e-03
  237   15    3   -1.978983567e-03   -2.111214358e-03
  238   15    2   -1.978983567e-03   -2.111214358e-03
  239   15    1   -1.978983567e-03   -2.111214358e-03
  240   15    0   -1.978983567e-03   -2.111214358e-03
  241   15   -1   -1.978983567e-03   -2.111214358e-03
  242   15   -2   -1.978983567e-03   -2.111214358e-03
  243   15   -3   -1.978983567e-03   -2.111214358e-03
  244   15   -4   -1.978983567e-03   -2.111214358e-03
  245   15   -5   -1.978983567e-03   -2.111214358e-03
  246   15   -6   -1.978983567e-03   -2.111214358e-03
  247   15   -7   -1.978983567e-03   -2.111214358e-03
  248   15   -8   -1.978983567e-03   -2.111214358e-03
  249   15   -9   -1.978983567e-03   -2.111214358e-03
  250   15  -10   -1.978983567e-03   -2.111214358e-03
  251   15  -11   -1.978983567e-03   -2.111214358e-03
  252   15  -12   -1.978983567e-03   -2.111214358e-03
  253   15  -13   -1.978983567e-03   -2.111214358e-03
  254   15  -14   -1.978983567e-03   -2.111214358e-03
  255   15  -15   -1.978983567e-03   -2.111214358e-03
  256   16   16   -3.553530127e-04   -3.151213815e-04
  257   16   15   -3.553530127e-04   -3.151213815e-04
  258   16   14   -3.553530127e-04   -3.151213815e-04
  259   16   13   -3.553530127e-04   -3.151213815e-04
  260   16   12   -3.553530127e-04   -3.151213815e-04
  261   16   11   -3.553530127e-04   -3.151213815e-04
  262   16   10   -3.553530127e-04   -3.151213815e-04
  263   16    9   -3.553530127e-04   -3.151213815e-04
  264   16    8   -3.553530127e-04   -3.151213815e-04
  265   16    7   -3.553530127e-04   -3.151213815e-04
  266   16    6   -3.553530127e-04   -3.151213815e-04
  267   16    5   -3.553530127e-04   -3.151213815e-04
  268   16    4   -3.553530127e-04   -3.151213815e-04
  269   16    3   -3.553530127e-04   -3.151213815e-04
  270   16    2   -3.553530127e-04   -3.151213815e-04
  271   16    1   -3.553530127e-04   -3.151213815e-04
  272   16    0   -3.553530127e-04   -3.151213815e-04
  273   16   -1   -3.553530127e-04   -3.151213815e-04
  274   16   -2   -3.553530127e-04   -3.151213815e-04
  275   16   -3   -3.553530127e-04   -3.151213815e-04
  276   16   -4   -3.553530127e-04   -3.151213815e-04
  277   16   -5   -3.553530127e-04   -3.151213815e-04
  278   16   -6   -3.553530127e-04   -3.151213815e-04
  279   16   -7   -3.553530127e-04   -3.151213815e-04
  280   16   -8   -3.553530127e-04   -3.151213815e-04
  281   16   -9   -3.553530127e-04   -3.151213815e-04
  282   16  -10   -3.553530127e-04   -3.151213815e-04
  283   16  -11   -3.553530127e-04   -3.151213815e-04
  284   16  -12   -3.553530127e-04   -3.151213815e-04
  285   16  -13   -3.553530127e-04   -3.151213815e-04
  286   16  -14   -3.553530127e-04   -3.151213815e-04
  287   16  -15   -3.553530127e-04   -3.151213815e-04
  288   16  -16   -3.553530127e-04   -3.151213815e-04
  289   17   17   -5.242408544e-05   -3.919518938e-05
  290   17   16   -5.242408544e-05   -3.919518938e-05
  291   17   15   -5.242408544e-05   -3.919518938e-05
  292   17   14   -5.242408544e-05   -3.919518938e-05
  293   17   13   -5.242408544e-05   -3.919518938e-05
  294   17   12   -5.242408544e-05   -3.919518938e-05
  295   17   11   -5.242408544e-05   -3.919518938e-05
  296   17   10   -5.242408544e-05   -3.919518938e-05
  297   17    9   -5.242408544e-05   -3.919518938e-05
  298   17    8   -5.242408544e-05   -3.919518938e-05
  299   17    7   -5.242408544e-05   -3.919518938e-05
  300   17    6   -5.242408544e-05   -3.919518938e-05
  301   17    5   -5.242408544e-05   -3.919518938e-05
  302   17    4   -5.242408544e-05   -3.919518938e-05
  303   17    3   -5.242408544e-05   -3.919518938e-05
  304   17    2   -5.242408544e-05   -3.919518938e-05
  305   17    1   -5.242408544e-05   -3.919518938e-05
  306   17    0   -5.242408544e-05   -3.919518938e-05
  307   17   -1   -5.242408544e-05   -3.919518938e-05
  308   17   -2   -5.242408544e-05   -3.919518938e-05
  309   17   -3   -5.242408544e-05   -3.919518938e-05
  310   17   -4   -5.242408544e-05   -3.919518938e-05
  311   17   -5   -5.242408544e-05   -3.919518938e-05
  312   17   -6   -5.242408544e-05   -3.919518938e-05
  313   17   -7   -5.242408544e-05   -3.919518938e-05
  314   17   -8   -5.242408544e-05   -3.919518938e-05
  315   17   -9   -5.242408544e-05   -3.919518938e-05
  316   17  -10   -5.242408544e-05   -3.919518938e-05
  317   17  -11   -5.242408544e-05   -3.919518938e-05
  318   17  -12   -5.242408544e-05   -3.919518938e-05
  319   17  -13   -5.242408544e-05   -3.919518938e-05
  320   17  -14   -5.242408544e-05   -3.919518938e-05
  321   17  -15   -5.242408544e-05   -3.919518938e-05
  322   17  -16   -5.242408544e-05   -3.919518938e-05
  323   17  -17   -5.242408544e-05   -3.919518938e-05
  324   18   18   -6.526922203e-06   -4.152130032e-06
  325   18   17   -6.526922203e-06   -4.152130032e-06
  326   18   16   -6.526922203e-06   -4.152130032e-06
  327   18   15   -6.526922203e-06   -4.152130032e-06
  328   18   14   -6.526922203e-06   -4.152130032e-06
  329   18   13   -6.526922203e-06   -4.152130032e-06
  330   18   12   -6.526922203e-06   -4.152130032e-06
  331   18   11   -6.526922203e-06   -4.152130032e-06
  332   18   10   -6.526922203e-06   -4.152130032e-06
  333   18    9   -6.526922203e-06   -4.152130032e-06
  334   18    8   -6.526922203e-06   -4.152130032e-06
  335   18    7   -6.526922203e-06   -4.152130032e-06
  336   18    6   -6.526922203e-06   -4.152130032e-06
  337   18    5   -6.526922203e-06   -4.152130032e-06
  338   18    4   -6.526922203e-06   -4.152130032e-06
  339   18    3   -6.526922203e-06   -4.152130032e-06
  340   18    2   -6.526922203e-06   -4.152130032e-06
  341   18    1   -6.526922203e-06   -4.152130032e-06
  342   18    0   -6.526922203e-06   -4.152130032e-06
  343   18   -1   -6.526922203e-06   -4.152130032e-06
  344   18   -2   -6.526922203e-06   -4.152130032e-06
  345   18   -3   -6.526922203e-06   -4.152130032e-06
  346   18   -4   -6.526922203e-06   -4.152130032e-06
  347   18   -5   -6.526922203e-06   -4.152130032e-06
  348   18   -6   -6.526922203e-06   -4.152130032e-06
  349   18   -7   -6.526922203e-06   -4.152130032e-06
  350   18   -8   -6.526922203e-06   -4.152130032e-06
  351   18   -9   -6.526922203e-06   -4.152130032e-06
  352   18  -10   -6.526922203e-06   -4.152130032e-06
  353   18  -11   -6.526922203e-06   -4.152130032e-06
  354   18  -12   -6.526922203e-06   -4.152130032e-06
  355   18  -13   -6.526922203e-06   -4.152130032e-06
  356   18  -14   -6.526922203e-06   -4.152130032e-06
  357   18  -15   -6.526922203e-06   -4.152130032e-06
  358   18  -16   -6.526922203e-06   -4.152130032e-06
  359   18  -17   -6.526922203e-06   -4.152130032e-06
  360   18  -18   -6.526922203e-06   -4.152130032e-06
  361   19   19   -6.990526880e-07   -3.803483765e-07
  362   19   18   -6.990526880e-07   -3.803483765e-07
  363   19   17   -6.990526880e-07   -3.803483765e-07
  364   19   16   -6.990526880e-07   -3.803483765e-07
  365   19   15   -6.990526880e-07   -3.803483765e-07
  366   19   14   -6.990526880e-07   -3.803483765e-07
  367   19   13   -6.990526880e-07   -3.803483765e-07
  368   19   12   -6.990526880e-07   -3.803483765e-07
  369   19   11   -6.990526880e-07   -3.803483765e-07
  370   19   10   -6.990526880e-07   -3.803483765e-07
  371   19    9   -6.990526880e-07   -3.803483765e-07
  372   19    8   -6.990526880e-07   -3.803483765e-07
  373   19    7   -6.990526880e-07   -3.803483765e-07
  374   19    6   -6.990526880e-07   -3.803483765e-07
  375   19    5   -6.990526880e-07   -3.803483765e-07
  376   19    4   -6.990526880e-07   -3.803483765e-07
  377   19    3   -6.990526880e-07   -3.803483765e-07
  378   19    2   -6.990526880e-07   -3.803483765e-07
  379   19    1   -6.990526880e-07   -3.803483765e-07
  380   19    0   -6.990526880e-07   -3.803483765e-07
  381   19   -1   -6.990526880e-07   -3.803483765e-07
  382   19   -2   -6.990526880e-07   -3.803483765e-07
  383   19   -3   -6.990526880e-07   -3.803483765e-07
  384   19   -4   -6.990526880e-07   -3.803483765e-07
  385   19   -5   -6.990526880e-07   -3.803483765e-07
  386   19   -6   -6.990526880e-07   -3.803483765e-07
  387   19   -7   -6.990526880e-07   -3.803483765e-07
  388   19   -8   -6.990526880e-07   -3.803483765e-07
  389   19   -9   -6.990526880e-07   -3.803483765e-07
  390   19  -10   -6.990526880e-07   -3.803483765e-07
  391   19  -11   -6.990526880e-07   -3.803483765e-07
  392   19  -12   -6.990526880e-07   -3.803483765e-07
  393   19  -13   -6.990526880e-07   -3.803483765e-07
  394   19  -14   -6.990526880e-07   -3.803483765e-07
  395   19  -15   -6.990526880e-07   -3.803483765e-07
  396   19  -16   -6.990526880e-07   -3.803483765e-07
  397   19  -17   -6.990526880e-07   -3.803483765e-07
  398   19  -18   -6.990526880e-07   -3.803483765e-07
  399   19  -19   -6.990526880e-07   -3.803483765e-07
  400   20   20   -6.535207264e-08   -3.048791790e-08
  401   20   19   -6.535207264e-08   -3.048791790e-08
  402   20   18   -6.535207264e-08   -3.048791790e-08
  403   20   17   -6.535207264e-08   -3.048791790e-08
  404   20   16   -6.535207264e-08   -3.048791790e-08
  405   20   15   -6.535207264e-08   -3.048791790e-08
  406   20   14   -6.535207264e-08   -3.048791790e-08
  407   20   13   -6.535207264e-08   -3.048791790e-08
  408   20   12   -6.535207264e-08   -3.048791790e-08
  409   20   11   -6.535207264e-08   -3.048791790e-08
  410   20   10   -6.535207264e-08   -3.048791790e-08
  411   20    9   -6.535207264e-08   -3.048791790e-08
  412   20    8   -6.535207264e-08   -3.048791790e-08
  413   20    7   -6.535207264e-08   -3.048791790e-08
  414   20    6   -6.535207264e-08   -3.048791790e-08
  415   20    5   -6.535207264e-08   -3.048791790e-08
  416   20    4   -6.535207264e-08   -3.048791790e-08
  417   20    3   -6.535207264e-08   -3.048791790e-08
  418   20    2   -6.535207264e-08   -3.048791790e-08
  419   20    1   -6.535207264e-08   -3.048791790e-08
  420   20    0   -6.535207264e-08   -3.048791790e-08
  421   20   -1   -6.535207264e-08   -3.048791790e-08
  422   20   -2   -6.535207264e-08   -3.048791790e-08
  423   20   -3   -6.535207264e-08   -3.048791790e-08
  424   20   -4   -6.535207264e-08   -3.048791790e-08
  425   20   -5   -6.535207264e-08   -3.048791790e-08
  426   20   -6   -6.535207264e-08   -3.048791790e-08
  427   20   -7   -6.535207264e-08   -3.048791790e-08
  428   20   -8   -6.535207264e-08   -3.048791790e-08
  429   20   -9   -6.535207264e-08   -3.048791790e-08
  430   20  -10   -6.535207264e-08   -3.048791790e-08
  431   20  -11   -6.535207264e-08   -3.048791790e-08
  432   20  -12   -6.535207264e-08   -3.048791790e-08
  433   20  -13   -6.535207264e-08   -3.048791790e-08
  434   20  -14   -6.535207264e-08   -3.048791790e-08
  435   20  -15   -6.535207264e-08   -3.048791790e-08
  436   20  -16   -6.535207264e-08   -3.048791790e-08
  437   20  -17   -6.535207264e-08   -3.048791790e-08
  438   20  -18   -6.535207264e-08   -3.048791790e-08
  439   20  -19   -6.535207264e-08   -3.048791790e-08
  440   20  -20   -6.535207264e-08   -3.048791790e-08
  441   21   21   -5.395644724e-09   -2.159535492e-09
  442   21   20   -5.395644724e-09   -2.159535492e-09
  443   21   19   -5.395644724e-09   -2.159535492e-09
  444   21   18   -5.395644724e-09   -2.159535492e-09
  445   21   17   -5.395644724e-09   -2.159535492e-09
  446   21   16   -5.395644724e-09   -2.159535492e-09
  447   21   15   -5.395644724e-09   -2.159535492e-09
  448   21   14   -5.395644724e-09   -2.159535492e-09
  449   21   13   -5.395644724e-09   -2.159535492e-09
  450   21   12   -5.395644724e-09   -2.159535492e-09
  451   21   11   -5.395644724e-09   -2.159535492e-09
  452   21   10   -5.395644724e-09   -2.159535492e-09
  453   21    9   -5.395644724e-09   -2.159535492e-09
  454   21    8   -5.395644724e-09   -2.159535492e-09
  455   21    7   -5.395644724e-09   -2.159535492e-09
  456   21    6   -5.395644724e-09   -2.159535492e-09
  457   21    5   -5.395644724e-09   -2.159535492e-09
  458   21    4   -5.395644724e-09   -2.159535492e-09
  459   21    3   -5.395644724e-09   -2.159535492e-09
  460   21    2   -5.395644724e-09   -2.159535492e-09
  461   21    1   -5.395644724e-09   -2.159535492e-09
  462   21    0   -5.395644724e-09   -2.159535492e-09
  463   21   -1   -5.395644724e-09   -2.159535492e-09
  464   21   -2   -5.395644724e-09   -2.159535492e-09
  465   21   -3   -5.395644724e-09   -2.159535492e-09
  466   21   -4   -5.395644724e-09   -2.159535492e-09
  467   21   -5   -5.395644724e-09   -2.159535492e-09
  468   21   -6   -5.395644724e-09   -2.159535492e-09
  469   21   -7   -5.395644724e-09   -2.159535492e-09
  470   21   -8   -5.395644724e-09   -2.159535492e-09
  471   21   -9   -5.395644724e-09   -2.159535492e-09
  472   21  -10   -5.395644724e-09   -2.159535492e-09
  473   21  -11   -5.395644724e-09   -2.159535492e-09
  474   21  -12   -5.395644724e-09   -2.159535492e-09
  475   21  -13   -5.395644724e-09   -2.159535492e-09
  476   21  -14   -5.395644724e-09   -2.159535492e-09
  477   21  -15   -5.395644724e-09   -2.159535492e-09
  478   21  -16   -5.395644724e-09   -2.159535492e-09
  479   21  -17   -5.395644724e-09   -2.159535492e-09
  480   21  -18   -5.395644724e-09   -2.159535492e-09
  481   21  -19   -5.395644724e-09   -2.159535492e-09
  482   21  -20   -5.395644724e-09   -2.159535492e-09
  483   21  -21   -5.395644724e-09   -2.159535492e-09
  484   22   22   -3.972731839e-10   -1.362770931e-10
  485   22   21   -3.972731839e-10   -1.362770931e-10
  486   22   20   -3.972731839e-10   -1.362770931e-10
  487   22   19   -3.972731839e-10   -1.362770931e-10
  488   22   18   -3.972731839e-10   -1.362770931e-10
  489   22   17   -3.972731839e-10   -1.362770931e-10
  490   22   16   -3.972731839e-10   -1.362770931e-10
  491   22   15   -3.972731839e-10   -1.362770931e-10
  492   22   14   -3.972731839e-10   -1.362770931e-10
  493   22   13   -3.972731839e-10   -1.362770931e-10
  494   22   12   -3.972731839e-10   -1.362770931e-10
  495   22   11   -3.972731839e-10   -1.362770931e-10
  496   22   10   -3.972731839e-10   -1.362770931e-10
  497   22    9   -3.972731839e-10   -1.362770931e-10
  498   22    8   -3.972731839e-10   -1.362770931e-10
  499   22    7   -3.972731839e-10   -1.362770931e-10
  500   22    6   -3.972731839e-10   -1.362770931e-10
  501   22    5   -3.972731839e-10   -1.362770931e-10
  502   22    4   -3.972731839e-10   -1.362770931e-10
  503   22    3   -3.972731839e-10   -1.362770931e-10
  504   22    2   -3.972731839e-10   -1.362770931e-10
  505   22    1   -3.972731839e-10   -1.362770931e-10
  506   22    0   -3.972731839e-10   -1.362770931e-10
  507   22   -1   -3.972731839e-10   -1.362770931e-10
  508   22   -2   -3.972731839e-10   -1.362770931e-10
  509   22   -3   -3.972731839e-10   -1.362770931e-10
  510   22   -4   -3.972731839e-10   -1.362770931e-10
  511   22   -5   -3.972731839e-10   -1.362770931e-10
  512   22   -6   -3.972731839e-10   -1.362770931e-10
  513   22   -7   -3.972731839e-10   -1.362770931e-10
  514   22   -8   -3.972731839e-10   -1.362770931e-10
  515   22   -9   -3.972731839e-10   -1.362770931e-10
  516   22  -10   -3.972731839e-10   -1.362770931e-10
  517   22  -11   -3.972731839e-10   -1.362770931e-10
  518   22  -12   -3.972731839e-10   -1.362770931e-10
  519   22  -13   -3.972731839e-10   -1.362770931e-10
  520   22  -14   -3.972731839e-10   -1.362770931e-10
  521   22  -15   -3.972731839e-10   -1.362770931e-10
  522   22  -16   -3.972731839e-10   -1.362770931e-10
  523   22  -17   -3.972731839e-10   -1.362770931e-10
  524   22  -18   -3.972731839e-10   -1.362770931e-10
  525   22  -19   -3.972731839e-10   -1.362770931e-10
  526   22  -20   -3.972731839e-10   -1.362770931e-10
  527   22  -21   -3.972731839e-10   -1.362770931e-10
  528   22  -22   -3.972731839e-10   -1.362770931e-10
  529   23   23   -2.630121867e-11   -7.713548523e-12
  530   23   22   -2.630121867e-11   -7.713548523e-12
  531   23   21   -2.630121867e-11   -7.713548523e-12
  532   23   20   -2.630121867e-11   -7.713548523e-12
  533   23   19   -2.630121867e-11   -7.713548523e-12
  534   23   18   -2.630121867e-11   -7.713548523e-12
  535   23   17   -2.630121867e-11   -7.713548523e-12
  536   23   16   -2.630121867e-11   -7.713548523e-12
  537   23   15   -2.630121867e-11   -7.713548523e-12
  538   23   14   -2.630121867e-11   -7.713548523e-12
  539   23   13   -2.630121867e-11   -7.713548523e-12
  540   23   12   -2.630121867e-11   -7.713548523e-12
  541   23   11   -2.630121867e-11   -7.713548523e-12
  542   23   10   -2.630121867e-11   -7.713548523e-12
  543   23    9   -2.630121867e-11   -7.713548523e-12
  544   23    8   -2.630121867e-11   -7.713548523e-12
  545   23    7   -2.630121867e-11   -7.713548523e-12
  546   23    6   -2.630121867e-11   -7.713548523e-12
  547   23    5   -2.630121867e-11   -7.713548523e-12
  548   23    4   -2.630121867e-11   -7.713548523e-12
  549   23    3   -2.630121867e-11   -7.713548523e-12
  550   23    2   -2.630121867e-11   -7.713548523e-12
  551   23    1   -2.630121867e-11   -7.713548523e-12
  552   23    0   -2.630121867e-11   -7.713548523e-12
  553   23   -1   -2.630121867e-11   -7.713548523e-12
  554   23   -2   -2.630121867e-11   -7.713548523e-12
  555   23   -3   -2.630121867e-11   -7.713548523e-12
  556   23   -4   -2.630121867e-11   -7.713548523e-12
  557   23   -5   -2.630121867e-11   -7.713548523e-12
  558   23   -6   -2.630121867e-11   -7.713548523e-12
  559   23   -7   -2.630121867e-11   -7.713548523e-12
  560   23   -8   -2.630121867e-11   -7.713548523e-12
  561   23   -9   -2.630121867e-11   -7.713548523e-12
  562   23  -10   -2.630121867e-11   -7.713548523e-12
  563   23  -11   -2.630121867e-11   -7.713548523e-12
  564   23  -12   -2.630121867e-11   -7.713548523e-12
  565   23  -13   -2.630121867e-11   -7.713548523e-12
  566   23  -14   -2.630121867e-11   -7.713548523e-12
  567   23  -15   -2.630121867e-11   -7.713548523e-12
  568   23  -16   -2.630121867e-11   -7.713548523e-12
  569   23  -17   -2.630121867e-11   -7.713548523e-12
  570   23  -18   -2.630121867e-11   -7.713548523e-12
  571   23  -19   -2.630121867e-11   -7.713548523e-12
  572   23  -20   -2.630121867e-11   -7.713548523e-12
  573   23  -21   -2.630121867e-11   -7.713548523e-12
  574   23  -22   -2.630121867e-11   -7.713548523e-12
  575   23  -23   -2.630121867e-11   -7.713548523e-12
  576   24   24   -1.576768711e-12   -3.937728614e-13
  577   24   23   -1.576768711e-12   -3.937728614e-13
  578   24   22   -1.576768711e-12   -3.937728614e-13
  579   24   21   -1.576768711e-12   -3.937728614e-13
  580   24   20   -1.576768711e-12   -3.937728614e-13
  581   24   19   -1.576768711e-12   -3.937728614e-13
  582   24   18   -1.576768711e-12   -3.937728614e-13
  583   24   17   -1.576768711e-12   -3.937728614e-13
  584   24   16   -1.576768711e-12   -3.937728614e-13
  585   24   15   -1.576768711e-12   -3.937728614e-13
  586   24   14   -1.576768711e-12   -3.937728614e-13
  587   24   13   -1.576768711e-12   -3.937728614e-13
  588   24   12   -1.576768711e-12   -3.937728614e-13
  589   24   11   -1.576768711e-12   -3.937728614e-13
  590   24   10   -1.576768711e-12   -3.937728614e-13
  591   24    9   -1.576768711e-12   -3.937728614e-13
  592   24    8   -1.576768711e-12   -3.937728614e-13
  593   24    7   -1.576768711e-12   -3.937728614e-13
  594   24    6   -1.576768711e-12   -3.937728614e-13
  595   24    5   -1.576768711e-12   -3.937728614e-13
  596   24    4   -1.576768711e-12   -3.937728614e-13
  597   24    3   -1.576768711e-12   -3.937728614e-13
  598   24    2   -1.576768711e-12   -3.937728614e-13
  599   24    1   -1.576768711e-12   -3.937728614e-13
  600   24    0   -1.576768711e-12   -3.937728614e-13
  601   24   -1   -1.576768711e-12   -3.937728614e-13
  602   24   -2   -1.576768711e-12   -3.937728614e-13
  603   24   -3   -1.576768711e-12   -3.937728614e-13
  604   24   -4   -1.576768711e-12   -3.937728614e-13
  605   24   -5   -1.576768711e-12   -3.937728614e-13
  606   24   -6   -1.576768711e-12   -3.937728614e-13
  607   24   -7   -1.576768711e-12   -3.937728614e-13
  608   24   -8   -1.576768711e-12   -3.937728614e-13
  609   24   -9   -1.576768711e-12   -3.937728614e-13
  610   24  -10   -1.576768711e-12   -3.937728614e-13
  611   24  -11   -1.576768711e-12   -3.937728614e-13
  612   24  -12   -1.576768711e-12   -3.937728614e-13
  613   24  -13   -1.576768711e-12   -3.937728614e-13
  614   24  -14   -1.576768711e-12   -3.937728614e-13
  615   24  -15   -1.576768711e-12   -3.937728614e-13
  616   24  -16   -1.576768711e-12   -3.937728614e-13
  617   24  -17   -1.576768711e-12   -3.937728614e-13
  618   24  -18   -1.576768711e-12   -3.937728614e-13
  619   24  -19   -1.576768711e-12   -3.937728614e-13
  620   24  -20   -1.576768711e-12   -3.937728614e-13
  621   24  -21   -1.576768711e-12   -3.937728614e-13
  622   24  -22   -1.576768711e-12   -3.937728614e-13
  623   24  -23   -1.576768711e-12   -3.937728614e-13
  624   24  -24   -1.576768711e-12   -3.937728614e-13
  625   25   25   -8.612169988e-14   -1.820820635e-14
  626   25   24   -8.612169988e-14   -1.820820635e-14
  627   25   23   -8.612169988e-14   -1.820820635e-14
  628   25   22   -8.612169988e-14   -1.820820635e-14
  629   25   21   -8.612169988e-14   -1.820820635e-14
  630   25   20   -8.612169988e-14   -1.820820635e-14
  631   25   19   -8.612169988e-14   -1.820820635e-14
  632   25   18   -8.612169988e-14   -1.820820635e-14
  633   25   17   -8.612169988e-14   -1.820820635e-14
  634   25   16   -8.612169988e-14   -1.820820635e-14
  635   25   15   -8.612169988e-14   -1.820820635e-14
  636   25   14   -8.612169988e-14   -1.820820635e-14
  637   25   13   -8.612169988e-14   -1.820820635e-14
  638   25   12   -8.612169988e-14   -1.820820635e-14
  639   25   11   -8.612169988e-14   -1.820820635e-14
  640   25   10   -8.612169988e-14   -1.820820635e-14
  641   25    9   -8.612169988e-14   -1.820820635e-14
  642   25    8   -8.612169988e-14   -1.820820635e-14
  643   25    7   -8.612169988e-14   -1.820820635e-14
  644   25    6   -8.612169988e-14   -1.820820635e-14
  645   25    5   -8.612169988e-14   -1.820820635e-14
  646   25    4   -8.612169988e-14   -1.820820635e-14
  647   25    3   -8.612169988e-14   -1.820820635e-14
  648   25    2   -8.612169988e-14   -1.820820635e-14
  649   25    1   -8.612169988e-14   -1.820820635e-14
  650   25    0   -8.612169988e-14   -1.820820635e-14
  651   25   -1   -8.612169988e-14   -1.820820635e-14
  652   25   -2   -8.612169988e-14   -1.820820635e-14
  653   25   -3   -8.612169988e-14   -1.820820635e-14
  654   25   -4   -8.612169988e-14   -1.820820635e-14
  655   25   -5   -8.612169988e-14   -1.820820635e-14
  656   25   -6   -8.612169988e-14   -1.820820635e-14
  657   25   -7   -8.612169988e-14   -1.820820635e-14
  658   25   -8   -8.612169988e-14   -1.820820635e-14
  659   25   -9   -8.612169988e-14   -1.820820635e-14
  660   25  -10   -8.612169988e-14   -1.820820635e-14
  661   25  -11   -8.612169988e-14   -1.820820635e-14
  662   25  -12   -8.612169988e-14   -1.820820635e-14
  663   25  -13   -8.612169988e-14   -1.820820635e-14
  664   25  -14   -8.612169988e-14   -1.820820635e-14
  665   25  -15   -8.612169988e-14   -1.820820635e-14
  666   25  -16   -8.612169988e-14   -1.820820635e-14
  667   25  -17   -8.612169988e-14   -1.820820635e-14
  668   25  -18   -8.612169988e-14   -1.820820635e-14
  669   25  -19   -8.612169988e-14   -1.820820635e-14
  670   25  -20   -8.612169988e-14   -1.820820635e-14
  671   25  -21   -8.612169988e-14   -1.820820635e-14
  672   25  -22   -8.612169988e-14   -1.820820635e-14
  673   25  -23   -8.612169988e-14   -1.820820635e-14
  674   25  -24   -8.612169988e-14   -1.820820635e-14
  675   25  -25   -8.612169988e-14   -1.820820635e-14
  676    1    1   -6.957281277e-01    9.976421782e-02
  677    1    0   -6.957281277e-01    9.976421782e-02
  678    1   -1   -6.957281277e-01    9.976421782e-02
  679    2    2   -3.515494661e-01   -1.578138115e-01
  680    2    1   -3.515494661e-01   -1.578138115e-01
  681    2    0   -3.515494661e-01   -1.578138115e-01
  682    2   -1   -3.515494661e-01   -1.578138115e-01
  683    2   -2   -3.515494661e-01   -1.578138115e-01
  684    3    3   -5.493900786e-01    2.060778962e-01
  685    3    2   -5.493900786e-01    2.060778962e-01
  686    3    1   -5.493900786e-01    2.060778962e-01
  687    3    0   -5.493900786e-01    2.060778962e-01
  688    3   -1   -5.493900786e-01    2.060778962e-01
  689    3   -2   -5.493900786e-01    2.060778962e-01
  690    3   -3   -5.493900786e-01    2.060778962e-01
  691    4    4   -5.915866616e-01   -1.835671675e-01
  692    4    3   -5.915866616e-01   -1.835671675e-01
  693    4    2   -5.915866616e-01   -1.835671675e-01
  694    4    1   -5.915866616e-01   -1.835671675e-01
  695    4    0   -5.915866616e-01   -1.835671675e-01
  696    4   -1   -5.915866616e-01   -1.835671675e-01
  697    4   -2   -5.915866616e-01   -1.835671675e-01
  698    4   -3   -5.915866616e-01   -1.835671675e-01
  699    4   -4   -5.915866616e-01   -1.835671675e-01
  700    5    5   -3.091322267e-01    4.407126459e-02
  701    5    4   -3.091322267e-01    4.407126459e-02
  702    5    3   -3.091322267e-01    4.407126459e-02
  703    5    2   -3.091322267e-01    4.407126459e-02
  704    5    1   -3.091322267e-01    4.407126459e-02
  705    5    0   -3.091322267e-01    4.407126459e-02
  706    5   -1   -3.091322267e-01    4.407126459e-02
  707    5   -2   -3.091322267e-01    4.407126459e-02
  708    5   -3   -3.091322267e-01    4.407126459e-02
  709    5   -4   -3.091322267e-01    4.407126459e-02
  710    5   -5   -3.091322267e-01    4.407126459e-02
  711    6    6   -6.219787999e-01    1.369471270e-01
  712    6    5   -6.219787999e-01    1.369471270e-01
  713    6    4   -6.219787999e-01    1.369471270e-01
  714    6    3   -6.219787999e-01    1.369471270e-01
  715    6    2   -6.219787999e-01    1.369471270e-01
  716    6    1   -6.219787999e-01    1.369471270e-01
  717    6    0   -6.219787999e-01    1.369471270e-01
  718    6   -1   -6.219787999e-01    1.369471270e-01
  719    6   -2   -6.219787999e-01    1.369471270e-01
  720    6   -3   -6.219787999e-01    1.369471270e-01
  721    6   -4   -6.219787999e-01    1.369471270e-01
  722    6   -5   -6.219787999e-01    1.369471270e-01
  723    6   -6   -6.219787999e-01    1.369471270e-01
  724    7    7   -5.853067293e-01   -1.429093204e-01
  725    7    6   -5.853067293e-01   -1.429093204e-01
  726    7    5   -5.853067293e-01   -1.429093204e-01
  727    7    4   -5.853067293e-01   -1.429093204e-01
  728    7    3   -5.853067293e-01   -1.429093204e-01
  729    7    2   -5.853067293e-01   -1.429093204e-01
  730    7    1   -5.853067293e-01   -1.429093204e-01
  731    7    0   -5.853067293e-01   -1.429093204e-01
  732    7   -1   -5.853067293e-01   -1.429093204e-01
  733    7   -2   -5.853067293e-01   -1.429093204e-01
  734    7   -3   -5.853067293e-01   -1.429093204e-01
  735    7   -4   -5.853067293e-01   -1.429093204e-01
  736    7   -5   -5.853067293e-01   -1.429093204e-01
  737    7   -6   -5.853067293e-01   -1.429093204e-01
  738    7   -7   -5.853067293e-01   -1.429093204e-01
  739    8    8   -3.703330622e-01   -6.013345988e-02
  740    8    7   -3.703330622e-01   -6.013345988e-02
  741    8    6   -3.703330622e-01   -6.013345988e-02
  742    8    5   -3.703330622e-01   -6.013345988e-02
  743    8    4   -3.703330622e-01   -6.013345988e-02
  744    8    3   -3.703330622e-01   -6.013345988e-02
  745    8    2   -3.703330622e-01   -6.013345988e-02
  746    8    1   -3.703330622e-01   -6.013345988e-02
  747    8    0   -3.703330622e-01   -6.013345988e-02
  748    8   -1   -3.703330622e-01   -6.013345988e-02
  749    8   -2   -3.703330622e-01   -6.013345988e-02
  750    8   -3   -3.703330622e-01   -6.013345988e-02
  751    8   -4   -3.703330622e-01   -6.013345988e-02
  752    8   -5   -3.703330622e-01   -6.013345988e-02
  753    8   -6   -3.703330622e-01   -6.013345988e-02
  754    8   -7   -3.703330622e-01   -6.013345988e-02
  755    8   -8   -3.703330622e-01   -6.013345988e-02
  756    9    9   -4.454841445e-01    9.471510299e-02
  757    9    8   -4.454841445e-01    9.471510299e-02
  758    9    7   -4.454841445e-01    9.471510299e-02
  759    9    6   -4.454841445e-01    9.471510299e-02
  760    9    5   -4.454841445e-01    9.471510299e-02
  761    9    4   -4.454841445e-01    9.471510299e-02
  762    9    3   -4.454841445e-01    9.471510299e-02
  763    9    2   -4.454841445e-01    9.471510299e-02
  764    9    1   -4.454841445e-01    9.471510299e-02
  765    9    0   -4.454841445e-01    9.471510299e-02
  766    9   -1   -4.454841445e-01    9.471510299e-02
  767    9   -2   -4.454841445e-01    9.471510299e-02
  768    9   -3   -4.454841445e-01    9.471510299e-02
  769    9   -4   -4.454841445e-01    9.471510299e-02
  770    9   -5   -4.454841445e-01    9.471510299e-02
  771    9   -6   -4.454841445e-01    9.471510299e-02
  772    9   -7   -4.454841445e-01    9.471510299e-02
  773    9   -8   -4.454841445e-01    9.471510299e-02
  774    9   -9   -4.454841445e-01    9.471510299e-02
  775   10   10   -5.480321990e-01    3.718794010e-02
  776   10    9   -5.480321990e-01    3.718794010e-02
  777   10    8   -5.480321990e-01    3.718794010e-02
  778   10    7   -5.480321990e-01    3.718794010e-02
  779   10    6   -5.480321990e-01    3.718794010e-02
  780   10    5   -5.480321990e-01    3.718794010e-02
  781   10    4   -5.480321990e-01    3.718794010e-02
  782   10    3   -5.480321990e-01    3.718794010e-02
  783   10    2   -5.480321990e-01    3.718794010e-02
  784   10    1   -5.480321990e-01    3.718794010e-02
  785   10    0   -5.480321990e-01    3.718794010e-02
  786   10   -1   -5.480321990e-01    3.718794010e-02
  787   10   -2   -5.480321990e-01    3.718794010e-02
  788   10   -3   -5.480321990e-01    3.718794010e-02
  789   10   -4   -5.480321990e-01    3.718794010e-02
  790   10   -5   -5.480321990e-01    3.718794010e-02
  791   10   -6   -5.480321990e-01    3.718794010e-02
  792   10   -7   -5.480321990e-01    3.718794010e-02
  793   10   -8   -5.480321990e-01    3.718794010e-02
  794   10   -9   -5.480321990e-01    3.718794010e-02
  795   10  -10   -5.480321990e-01    3.718794010e-02
  796   11   11   -4.799633765e-01   -4.936560338e-02
  797   11   10   -4.799633765e-01   -4.936560338e-02
  798   11    9   -4.799633765e-01   -4.936560338e-02
  799   11    8   -4.799633765e-01   -4.936560338e-02
  800   11    7   -4.799633765e-01   -4.936560338e-02
  801   11    6   -4.799633765e-01   -4.936560338e-02
  802   11    5   -4.799633765e-01   -4.936560338e-02
  803   11    4   -4.799633765e-01   -4.936560338e-02
  804   11    3   -4.799633765e-01   -4.936560338e-02
  805   11    2   -4.799633765e-01   -4.936560338e-02
  806   11    1   -4.799633765e-01   -4.936560338e-02
  807   11    0   -4.799633765e-01   -4.936560338e-02
  808   11   -1   -4.799633765e-01   -4.936560338e-02
  809   11   -2   -4.799633765e-01   -4.936560338e-02
  810   11   -3   -4.799633765e-01   -4.936560338e-02
  811   11   -4   -4.799633765e-01   -4.936560338e-02
  812   11   -5   -4.799633765e-01   -4.936560338e-02
  813   11   -6   -4.799633765e-01   -4.936560338e-02
  814   11   -7   -4.799633765e-01   -4.936560338e-02
  815   11   -8   -4.799633765e-01   -4.936560338e-02
  816   11   -9   -4.799633765e-01   -4.936560338e-02
  817   11  -10   -4.799633765e-01   -4.936560338e-02
  818   11  -11   -4.799633765e-01   -4.936560338e-02
  819   12   12   -3.156955152e-01   -3.106942179e-02
  820   12   11   -3.156955152e-01   -3.106942179e-02
  821   12   10   -3.156955152e-01   -3.106942179e-02
  822   12    9   -3.156955152e-01   -3.106942179e-02
  823   12    8   -3.156955152e-01   -3.106942179e-02
  824   12    7   -3.156955152e-01   -3.106942179e-02
  825   12    6   -3.156955152e-01   -3.106942179e-02
  826   12    5   -3.156955152e-01   -3.106942179e-02
  827   12    4   -3.156955152e-01   -3.106942179e-02
  828   12    3   -3.156955152e-01   -3.106942179e-02
  829   12    2   -3.156955152e-01   -3.106942179e-02
  830   12    1   -3.156955152e-01   -3.106942179e-02
  831   12    0   -3.156955152e-01   -3.106942179e-02
  832   12   -1   -3.156955152e-01   -3.106942179e-02
  833   12   -2   -3.156955152e-01   -3.106942179e-02
  834   12   -3   -3.156955152e-01   -3.106942179e-02
  835   12   -4   -3.156955152e-01   -3.106942179e-02
  836   12   -5   -3.156955152e-01   -3.106942179e-02
  837   12   -6   -3.156955152e-01   -3.106942179e-02
  838   12   -7   -3.156955152e-01   -3.106942179e-02
  839   12   -8   -3.156955152e-01   -3.106942179e-02
  840   12   -9   -3.156955152e-01   -3.106942179e-02
  841   12  -10   -3.156955152e-01   -3.106942179e-02
  842   12  -11   -3.156955152e-01   -3.106942179e-02
  843   12  -12   -3.156955152e-01   -3.106942179e-02
  844   13   13   -1.412176328e-01    1.785095454e-02
  845   13   12   -1.412176328e-01    1.785095454e-02
  846   13   11   -1.412176328e-01    1.785095454e-02
  847   13   10   -1.412176328e-01    1.785095454e-02
  848   13    9   -1.412176328e-01    1.785095454e-02
  849   13    8   -1.412176328e-01    1.785095454e-02
  850   13    7   -1.412176328e-01    1.785095454e-02
  851   13    6   -1.412176328e-01    1.785095454e-02
  852   13    5   -1.412176328e-01    1.785095454e-02
  853   13    4   -1.412176328e-01    1.785095454e-02
  854   13    3   -1.412176328e-01    1.785095454e-02
  855   13    2   -1.412176328e-01    1.785095454e-02
  856   13    1   -1.412176328e-01    1.785095454e-02
  857   13    0   -1.412176328e-01    1.785095454e-02
  858   13   -1   -1.412176328e-01    1.785095454e-02
  859   13   -2   -1.412176328e-01    1.785095454e-02
  860   13   -3   -1.412176328e-01    1.785095454e-02
  861   13   -4   -1.412176328e-01    1.785095454e-02
  862   13   -5   -1.412176328e-01    1.785095454e-02
  863   13   -6   -1.412176328e-01    1.785095454e-02
  864   13   -7   -1.412176328e-01    1.785095454e-02
  865   13   -8   -1.412176328e-01    1.785095454e-02
  866   13   -9   -1.412176328e-01    1.785095454e-02
  867   13  -10   -1.412176328e-01    1.785095454e-02
  868   13  -11   -1.412176328e-01    1.785095454e-02
  869   13  -12   -1.412176328e-01    1.785095454e-02
  870   13  -13   -1.412176328e-01    1.785095454e-02
  871   14   14   -3.714252092e-02    1.603506885e-02
  872   14   13   -3.714252092e-02    1.603506885e-02
  873   14   12   -3.714252092e-02    1.603506885e-02
  874   14   11   -3.714252092e-02    1.603506885e-02
  875   14   10   -3.714252092e-02    1.603506885e-02
  876   14    9   -3.714252092e-02    1.603506885e-02
  877   14    8   -3.714252092e-02    1.603506885e-02
  878   14    7   -3.714252092e-02    1.603506885e-02
  879   14    6   -3.714252092e-02    1.603506885e-02
  880   14    5   -3.714252092e-02    1.603506885e-02
  881   14    4   -3.714252092e-02    1.603506885e-02
  882   14    3   -3.714252092e-02    1.603506885e-02
  883   14    2   -3.714252092e-02    1.603506885e-02
  884   14    1   -3.714252092e-02    1.603506885e-02
  885   14    0   -3.714252092e-02    1.603506885e-02
  886   14   -1   -3.714252092e-02    1.603506885e-02
  887   14   -2   -3.714252092e-02    1.603506885e-02
  888   14   -3   -3.714252092e-02    1.603506885e-02
  889   14   -4   -3.714252092e-02    1.603506885e-02
  890   14   -5   -3.714252092e-02    1.603506885e-02
  891   14   -6   -3.714252092e-02    1.603506885e-02
  892   14   -7   -3.714252092e-02    1.603506885e-02
  893   14   -8   -3.714252092e-02    1.603506885e-02
  894   14   -9   -3.714252092e-02    1.603506885e-02
  895   14  -10   -3.714252092e-02    1.603506885e-02
  896   14  -11   -3.714252092e-02    1.603506885e-02
  897   14  -12   -3.714252092e-02    1.603506885e-02
  898   14  -13   -3.714252092e-02    1.603506885e-02
  899   14  -14   -3.714252092e-02    1.603506885e-02
  900   15   15   -6.825558016e-03    4.700636890e-03
  901   15   14   -6.825558016e-03    4.700636890e-03
  902   15   13   -6.825558016e-03    4.700636890e-03
  903   15   12   -6.825558016e-03    4.700636890e-03
  904   15   11   -6.825558016e-03    4.700636890e-03
  905   15   10   -6.825558016e-03    4.700636890e-03
  906   15    9   -6.825558016e-03    4.700636890e-03
  907   15    8   -6.825558016e-03    4.700636890e-03
  908   15    7   -6.825558016e-03    4.700636890e-03
  909   15    6   -6.825558016e-03    4.700636890e-03
  910   15    5   -6.825558016e-03    4.700636890e-03
  911   15    4   -6.825558016e-03    4.700636890e-03
  912   15    3   -6.825558016e-03    4.700636890e-03
  913   15    2   -6.825558016e-03    4.700636890e-03
  914   15    1   -6.825558016e-03    4.700636890e-03
  915   15    0   -6.825558016e-03    4.700636890e-03
  916   15   -1   -6.825558016e-03    4.700636890e-03
  917   15   -2   -6.825558016e-03    4.700636890e-03
  918   15   -3   -6.825558016e-03    4.700636890e-03
  919   15   -4   -6.825558016e-03    4.700636890e-03
  920   15   -5   -6.825558016e-03    4.700636890e-03
  921   15   -6   -6.825558016e-03    4.700636890e-03
  922   15   -7   -6.825558016e-03    4.700636890e-03
  923   15   -8   -6.825558016e-03    4.700636890e-03
  924   15   -9   -6.825558016e-03    4.700636890e-03
  925   15  -10   -6.825558016e-03    4.700636890e-03
  926   15  -11   -6.825558016e-03    4.700636890e-03
  927   15  -12   -6.825558016e-03    4.700636890e-03
  928   15  -13   -6.825558016e-03    4.700636890e-03
  929   15  -14   -6.825558016e-03    4.700636890e-03
  930   15  -15   -6.825558016e-03    4.700636890e-03
  931   16   16   -1.035501730e-03    9.159546192e-04
  932   16   15   -1.035501730e-03    9.159546192e-04
  933   16   14   -1.035501730e-03    9.159546192e-04
  934   16   13   -1.035501730e-03    9.159546192e-04
  935   16   12   -1.035501730e-03    9.159546192e-04
  936   16   11   -1.035501730e-03    9.159546192e-04
  937   16   10   -1.035501730e-03    9.159546192e-04
  938   16    9   -1.035501730e-03    9.159546192e-04
  939   16    8   -1.035501730e-03    9.159546192e-04
  940   16    7   -1.035501730e-03    9.159546192e-04
  941   16    6   -1.035501730e-03    9.159546192e-04
  942   16    5   -1.035501730e-03    9.159546192e-04
  943   16    4   -1.035501730e-03    9.159546192e-04
  944   16    3   -1.035501730e-03    9.159546192e-04
  945   16    2   -1.035501730e-03    9.159546192e-04
  946   16    1   -1.035501730e-03    9.159546192e-04
  947   16    0   -1.035501730e-03    9.159546192e-04
  948   16   -1   -1.035501730e-03    9.159546192e-04
  949   16   -2   -1.035501730e-03    9.159546192e-04
  950   16   -3   -1.035501730e-03    9.159546192e-04
  951   16   -4   -1.035501730e-03    9.159546192e-04
  952   16   -5   -1.035501730e-03    9.159546192e-04
  953   16   -6   -1.035501730e-03    9.159546192e-04
  954   16   -7   -1.035501730e-03    9.159546192e-04
  955   16   -8   -1.035501730e-03    9.159546192e-04
  956   16   -9   -1.035501730e-03    9.159546192e-04
  957   16  -10   -1.035501730e-03    9.159546192e-04
  958   16  -11   -1.035501730e-03    9.159546192e-04
  959   16  -12   -1.035501730e-03    9.159546192e-04
  960   16  -13   -1.035501730e-03    9.159546192e-04
  961   16  -14   -1.035501730e-03    9.159546192e-04
  962   16  -15   -1.035501730e-03    9.159546192e-04
  963   16  -16   -1.035501730e-03    9.159546192e-04
  964   17   17   -1.360793550e-04    1.416033023e-04
  965   17   16   -1.360793550e-04    1.416033023e-04
  966   17   15   -1.360793550e-04    1.416033023e-04
  967   17   14   -1.360793550e-04    1.416033023e-04
  968   17   13   -1.360793550e-04    1.416033023e-04
  969   17   12   -1.360793550e-04    1.416033023e-04
  970   17   11   -1.360793550e-04    1.416033023e-04
  971   17   10   -1.360793550e-04    1.416033023e-04
  972   17    9   -1.360793550e-04    1.416033023e-04
  973   17    8   -1.360793550e-04    1.416033023e-04
  974   17    7   -1.360793550e-04    1.416033023e-04
  975   17    6   -1.360793550e-04    1.416033023e-04
  976   17    5   -1.360793550e-04    1.416033023e-04
  977   17    4   -1.360793550e-04    1.416033023e-04
  978   17    3   -1.360793550e-04    1.416033023e-04
  979   17    2   -1.360793550e-04    1.416033023e-04
  980   17    1   -1.360793550e-04    1.416033023e-04
  981   17    0   -1.360793550e-04    1.416033023e-04
  982   17   -1   -1.360793550e-04    1.416033023e-04
  983   17   -2   -1.360793550e-04    1.416033023e-04
  984   17   -3   -1.360793550e-04    1.416033023e-04
  985   17   -4   -1.360793550e-04    1.416033023e-04
  986   17   -5   -1.360793550e-04    1.416033023e-04
  987   17   -6   -1.360793550e-04    1.416033023e-04
  988   17   -7   -1.360793550e-04    1.416033023e-04
  989   17   -8   -1.360793550e-04    1.416033023e-04
  990   17   -9   -1.360793550e-04    1.416033023e-04
  991   17  -10   -1.360793550e-04    1.416033023e-04
  992   17  -11   -1.360793550e-04    1.416033023e-04
  993   17  -12   -1.360793550e-04    1.416033023e-04
  994   17  -13   -1.360793550e-04    1.416033023e-04
  995   17  -14   -1.360793550e-04    1.416033023e-04
  996   17  -15   -1.360793550e-04    1.416033023e-04
  997   17  -16   -1.360793550e-04    1.416033023e-04
  998   17  -17   -1.360793550e-04    1.416033023e-04
  999   18   18   -1.570661979e-05    1.839613669e-05
 1000   18   17   -1.570661979e-05    1.839613669e-05
 1001   18   16   -1.570661979e-05    1.839613669e-05
 1002   18   15   -1.570661979e-05    1.839613669e-05
 1003   18   14   -1.570661979e-05    1.839613669e-05
 1004   18   13   -1.570661979e-05    1.839613669e-05
 1005   18   12   -1.570661979e-05    1.839613669e-05
 1006   18   11   -1.570661979e-05    1.839613669e-05
 1007   18   10   -1.570661979e-05    1.839613669e-05
 1008   18    9   -1.570661979e-05    1.839613669e-05
 1009   18    8   -1.570661979e-05    1.839613669e-05
 1010   18    7   -1.570661979e-05    1.839613669e-05
 1011   18    6   -1.570661979e-05    1.839613669e-05
 1012   18    5   -1.570661979e-05    1.839613669e-05
 1013   18    4   -1.570661979e-05    1.839613669e-05
 1014   18    3   -1.570661979e-05    1.839613669e-05
 1015   18    2   -1.570661979e-05    1.839613669e-05
 1016   18    1   -1.570661979e-05    1.839613669e-05
 1017   18    0   -1.570661979e-05    1.839613669e-05
 1018   18   -1   -1.570661979e-05    1.839613669e-05
 1019   18   -2   -1.570661979e-05    1.839613669e-05
 1020   18   -3   -1.570661979e-05    1.839613669e-05
 1021   18   -4   -1.570661979e-05    1.839613669e-05
 1022   18   -5   -1.570661979e-05    1.839613669e-05
 1023   18   -6   -1.570661979e-05    1.839613669e-05
 1024   18   -7   -1.570661979e-05    1.839613669e-05
 1025   18   -8   -1.570661979e-05    1.839613669e-05
 1026   18   -9   -1.570661979e-05    1.839613669e-05
 1027   18  -10   -1.570661979e-05    1.839613669e-05
 1028   18  -11   -1.570661979e-05    1.839613669e-05
 1029   18  -12   -1.570661979e-05    1.839613669e-05
 1030   18  -13   -1.570661979e-05    1.839613669e-05
 1031   18  -14   -1.570661979e-05    1.839613669e-05
 1032   18  -15   -1.570661979e-05    1.839613669e-05
 1033   18  -16   -1.570661979e-05    1.839613669e-05
 1034   18  -17   -1.570661979e-05    1.839613669e-05
 1035   18  -18   -1.570661979e-05    1.839613669e-05
 1036   19   19   -1.606321560e-06    2.061590543e-06
 1037   19   18   -1.606321560e-06    2.061590543e-06
 1038   19   17   -1.606321560e-06    2.061590543e-06
 1039   19   16   -1.606321560e-06    2.061590543e-06
 1040   19   15   -1.606321560e-06    2.061590543e-06
 1041   19   14   -1.606321560e-06    2.061590543e-06
 1042   19   13   -1.606321560e-06    2.061590543e-06
 1043   19   12   -1.606321560e-06    2.061590543e-06
 1044   19   11   -1.606321560e-06    2.061590543e-06
 1045   19   10   -1.606321560e-06    2.061590543e-06
 1046   19    9   -1.606321560e-06    2.061590543e-06
 1047   19    8   -1.606321560e-06    2.061590543e-06
 1048   19    7   -1.606321560e-06    2.061590543e-06
 1049   19    6   -1.606321560e-06    2.061590543e-06
 1050   19    5   -1.606321560e-06    2.061590543e-06
 1051   19    4   -1.606321560e-06    2.061590543e-06
 1052   19    3   -1.606321560e-06    2.061590543e-06
 1053   19    2   -1.606321560e-06    2.061590543e-06
 1054   19    1   -1.606321560e-06    2.061590543e-06
 1055   19    0   -1.606321560e-06    2.061590543e-06
 1056   19   -1   -1.606321560e-06    2.061590543e-06
 1057   19   -2   -1.606321560e-06    2.061590543e-06
 1058   19   -3   -1.606321560e-06    2.061590543e-06
 1059   19   -4   -1.606321560e-06    2.061590543e-06
 1060   19   -5   -1.606321560e-06    2.061590543e-06
 1061   19   -6   -1.606321560e-06    2.061590543e-06
 1062   19   -7   -1.606321560e-06    2.061590543e-06
 1063   19   -8   -1.606321560e-06    2.061590543e-06
 1064   19   -9   -1.606321560e-06    2.061590543e-06
 1065   19  -10   -1.606321560e-06    2.061590543e-06
 1066   19  -11   -1.606321560e-06    2.061590543e-06
 1067   19  -12   -1.606321560e-06    2.061590543e-06
 1068   19  -13   -1.606321560e-06    2.061590543e-06
 1069   19  -14   -1.606321560e-06    2.061590543e-06
 1070   19  -15   -1.606321560e-06    2.061590543e-06
 1071   19  -16   -1.606321560e-06    2.061590543e-06
 1072   19  -17   -1.606321560e-06    2.061590543e-06
 1073   19  -18   -1.606321560e-06    2.061590543e-06
 1074   19  -19   -1.606321560e-06    2.061590543e-06
 1075   20   20   -1.466792536e-07    2.025236735e-07
 1076   20   19   -1.466792536e-07    2.025236735e-07
 1077   20   18   -1.466792536e-07    2.025236735e-07
 1078   20   17   -1.466792536e-07    2.025236735e-07
 1079   20   16   -1.466792536e-07    2.025236735e-07
 1080   20   15   -1.466792536e-07    2.025236735e-07
 1081   20   14   -1.466792536e-07    2.025236735e-07
 1082   20   13   -1.466792536e-07    2.025236735e-07
 1083   20   12   -1.466792536e-07    2.025236735e-07
 1084   20   11   -1.466792536e-07    2.025236735e-07
 1085   20   10   -1.466792536e-07    2.025236735e-07
 1086   20    9   -1.466792536e-07    2.025236735e-07
 1087   20    8   -1.466792536e-07    2.025236735e-07
 1088   20    7   -1.466792536e-07    2.025236735e-07
 1089   20    6   -1.466792536e-07    2.025236735e-07
 1090   20    5   -1.466792536e-07    2.025236735e-07
 1091   20    4   -1.466792536e-07    2.025236735e-07
 1092   20    3   -1.466792536e-07    2.025236735e-07
 1093   20    2   -1.466792536e-07    2.025236735e-07
 1094   20    1   -1.466792536e-07    2.025236735e-07
 1095   20    0   -1.466792536e-07    2.025236735e-07
 1096   20   -1   -1.466792536e-07    2.025236735e-07
 1097   20   -2   -1.466792536e-07    2.025236735e-07
 1098   20   -3   -1.466792536e-07    2.025236735e-07
 1099   20   -4   -1.466792536e-07    2.025236735e-07
 1100   20   -5   -1.466792536e-07    2.025236735e-07
 1101   20   -6   -1.466792536e-07    2.025236735e-07
 1102   20   -7   -1.466792536e-07    2.025236735e-07
 1103   20   -8   -1.466792536e-07    2.025236735e-07
 1104   20   -9   -1.466792536e-07    2.025236735e-07
 1105   20  -10   -1.466792536e-07    2.025236735e-07
 1106   20  -11   -1.466792536e-07    2.025236735e-07
 1107   20  -12   -1.466792536e-07    2.025236735e-07
 1108   20  -13   -1.466792536e-07    2.025236735e-07
 1109   20  -14   -1.466792536e-07    2.025236735e-07
 1110   20  -15   -1.466792536e-07    2.025236735e-07
 1111   20  -16   -1.466792536e-07    2.025236735e-07
 1112   20  -17   -1.466792536e-07    2.025236735e-07
 1113   20  -18   -1.466792536e-07    2.025236735e-07
 1114   20  -19   -1.466792536e-07    2.025236735e-07
 1115   20  -20   -1.466792536e-07    2.025236735e-07
 1116   21   21   -1.204021099e-08    1.764347243e-08
 1117   21   20   -1.204021099e-08    1.764347243e-08
 1118   21   19   -1.204021099e-08    1.764347243e-08
 1119   21   18   -1.204021099e-08    1.764347243e-08
 1120   21   17   -1.204021099e-08    1.764347243e-08
 1121   21   16   -1.204021099e-08    1.764347243e-08
 1122   21   15   -1.204021099e-08    1.764347243e-08
 1123   21   14   -1.204021099e-08    1.764347243e-08
 1124   21   13   -1.204021099e-08    1.764347243e-08
 1125   21   12   -1.204021099e-08    1.764347243e-08
 1126   21   11   -1.204021099e-08    1.764347243e-08
 1127   21   10   -1.204021099e-08    1.764347243e-08
 1128   21    9   -1.204021099e-08    1.764347243e-08
 1129   21    8   -1.204021099e-08    1.764347243e-08
 1130   21    7   -1.204021099e-08    1.764347243e-08
 1131   21    6   -1.204021099e-08    1.764347243e-08
 1132   21    5   -1.204021099e-08    1.764347243e-08
 1133   21    4   -1.204021099e-08    1.764347243e-08
 1134   21    3   -1.204021099e-08    1.764347243e-08
 1135   21    2   -1.204021099e-08    1.764347243e-08
 1136   21    1   -1.204021099e-08    1.764347243e-08
 1137   21    0   -1.204021099e-08    1.764347243e-08
 1138   21   -1   -1.204021099e-08    1.764347243e-08
 1139   21   -2   -1.204021099e-08    1.764347243e-08
 1140   21   -3   -1.204021099e-08    1.764347243e-08
 1141   21   -4   -1.204021099e-08    1.764347243e-08
 1142   21   -5   -1.204021099e-08    1.764347243e-08
 1143   21   -6   -1.204021099e-08    1.764347243e-08
 1144   21   -7   -1.204021099e-08    1.764347243e-08
 1145   21   -8   -1.204021099e-08    1.764347243e-08
 1146   21   -9   -1.204021099e-08    1.764347243e-08
 1147   21  -10   -1.204021099e-08    1.764347243e-08
 1148   21  -11   -1.204021099e-08    1.764347243e-08
 1149   21  -12   -1.204021099e-08    1.764347243e-08
 1150   21  -13   -1.204021099e-08    1.764347243e-08
 1151   21  -14   -1.204021099e-08    1.764347243e-08
 1152   21  -15   -1.204021099e-08    1.764347243e-08
 1153   21  -16   -1.204021099e-08    1.764347243e-08
 1154   21  -17   -1.204021099e-08    1.764347243e-08
 1155   21  -18   -1.204021099e-08    1.764347243e-08
 1156   21  -19   -1.204021099e-08    1.764347243e-08
 1157   21  -20   -1.204021099e-08    1.764347243e-08
 1158   21  -21   -1.204021099e-08    1.764347243e-08
 1159   22   22   -8.937358674e-10    1.375524624e-09
 1160   22   21   -8.937358674e-10    1.375524624e-09
 1161   22   20   -8.937358674e-10    1.375524624e-09
 1162   22   19   -8.937358674e-10    1.375524624e-09
 1163   22   18   -8.937358674e-10    1.375524624e-09
 1164   22   17   -8.937358674e-10    1.375524624e-09
 1165   22   16   -8.937358674e-10    1.375524624e-09
 1166   22   15   -8.937358674e-10    1.375524624e-09
 1167   22   14   -8.937358674e-10    1.375524624e-09
 1168   22   13   -8.937358674e-10    1.375524624e-09
 1169   22   12   -8.937358674e-10    1.375524624e-09
 1170   22   11   -8.937358674e-10    1.375524624e-09
 1171   22   10   -8.937358674e-10    1.375524624e-09
 1172   22    9   -8.937358674e-10    1.375524624e-09
 1173   22    8   -8.937358674e-10    1.375524624e-09
 1174   22    7   -8.937358674e-10    1.375524624e-09
 1175   22    6   -8.937358674e-10    1.375524624e-09
 1176   22    5   -8.937358674e-10    1.375524624e-09
 1177   22    4   -8.937358674e-10    1.375524624e-09
 1178   22    3   -8.937358674e-10    1.375524624e-09
 1179   22    2   -8.937358674e-10    1.375524624e-09
 1180   22    1   -8.937358674e-10    1.375524624e-09
 1181   22    0   -8.937358674e-10    1.375524624e-09
 1182   22   -1   -8.937358674e-10    1.375524624e-09
 1183   22   -2   -8.937358674e-10    1.375524624e-09
 1184   22   -3   -8.937358674e-10    1.375524624e-09
 1185   22   -4   -8.937358674e-10    1.375524624e-09
 1186   22   -5   -8.937358674e-10    1.375524624e-09
 1187   22   -6   -8.937358674e-10    1.375524624e-09
 1188   22   -7   -8.937358674e-10    1.375524624e-09
 1189   22   -8   -8.937358674e-10    1.375524624e-09
 1190   22   -9   -8.937358674e-10    1.375524624e-09
 1191   22  -10   -8.937358674e-10    1.375524624e-09
 1192   22  -11   -8.937358674e-10    1.375524624e-09
 1193   22  -12   -8.937358674e-10    1.375524624e-09
 1194   22  -13   -8.937358674e-10    1.375524624e-09
 1195   22  -14   -8.937358674e-10    1.375524624e-09
 1196   22  -15   -8.937358674e-10    1.375524624e-09
 1197   22  -16   -8.937358674e-10    1.375524624e-09
 1198   22  -17   -8.937358674e-10    1.375524624e-09
 1199   22  -18   -8.937358674e-10    1.375524624e-09
 1200   22  -19   -8.937358674e-10    1.375524624e-09
 1201   22  -20   -8.937358674e-10    1.375524624e-09
 1202   22  -21   -8.937358674e-10    1.375524624e-09
 1203   22  -22   -8.937358674e-10    1.375524624e-09
 1204   23   23   -6.030605795e-11    9.668375184e-11
 1205   23   22   -6.030605795e-11    9.668375184e-11
 1206   23   21   -6.030605795e-11    9.668375184e-11
 1207   23   20   -6.030605795e-11    9.668375184e-11
 1208   23   19   -6.030605795e-11    9.668375184e-11
 1209   23   18   -6.030605795e-11    9.668375184e-11
 1210   23   17   -6.030605795e-11    9.668375184e-11
 1211   23   16   -6.030605795e-11    9.668375184e-11
 1212   23   15   -6.030605795e-11    9.668375184e-11
 1213   23   14   -6.030605795e-11    9.668375184e-11
 1214   23   13   -6.030605795e-11    9.668375184e-11
 1215   23   12   -6.030605795e-11    9.668375184e-11
 1216   23   11   -6.030605795e-11    9.668375184e-11
 1217   23   10   -6.030605795e-11    9.668375184e-11
 1218   23    9   -6.030605795e-11    9.668375184e-11
 1219   23    8   -6.030605795e-11    9.668375184e-11
 1220   23    7   -6.030605795e-11    9.668375184e-11
 1221   23    6   -6.030605795e-11    9.668375184e-11
 1222   23    5   -6.030605795e-11    9.668375184e-11
 1223   23    4   -6.030605795e-11    9.668375184e-11
 1224   23    3   -6.030605795e-11    9.668375184e-11
 1225   23    2   -6.030605795e-11    9.668375184e-11
 1226   23    1   -6.030605795e-11    9.668375184e-11
 1227   23    0   -6.030605795e-11    9.668375184e-11
 1228   23   -1   -6.030605795e-11    9.668375184e-11
 1229   23   -2   -6.030605795e-11    9.668375184e-11
 1230   23   -3   -6.030605795e-11    9.668375184e-11
 1231   23   -4   -6.030605795e-11    9.668375184e-11
 1232   23   -5   -6.030605795e-11    9.668375184e-11
 1233   23   -6   -6.030605795e-11    9.668375184e-11
 1234   23   -7   -6.030605795e-11    9.668375184e-11
 1235   23   -8   -6.030605795e-11    9.668375184e-11
 1236   23   -9   -6.030605795e-11    9.668375184e-11
 1237   23  -10   -6.030605795e-11    9.668375184e-11
 1238   23  -11   -6.030605795e-11    9.668375184e-11
 1239   23  -12   -6.030605795e-11    9.668375184e-11
 1240   23  -13   -6.030605795e-11    9.668375184e-11
 1241   23  -14   -6.030605795e-11    9.668375184e-11
 1242   23  -15   -6.030605795e-11    9.668375184e-11
 1243   23  -16   -6.030605795e-11    9.668375184e-11
 1244   23  -17   -6.030605795e-11    9.668375184e-11
 1245   23  -18   -6.030605795e-11    9.668375184e-11
 1246   23  -19   -6.030605795e-11    9.668375184e-11
 1247   23  -20   -6.030605795e-11    9.668375184e-11
 1248   23  -21   -6.030605795e-11    9.668375184e-11
 1249   23  -22   -6.030605795e-11    9.668375184e-11
 1250   23  -23   -6.030605795e-11    9.668375184e-11
 1251   24   24   -3.716171672e-12    6.165322633e-12
 1252   24   23   -3.716171672e-12    6.165322633e-12
 1253   24   22   -3.716171672e-12    6.165322633e-12
 1254   24   21   -3.716171672e-12    6.165322633e-12
 1255   24   20   -3.716171672e-12    6.165322633e-12
 1256   24   19   -3.716171672e-12    6.165322633e-12
 1257   24   18   -3.716171672e-12    6.165322633e-12
 1258   24   17   -3.716171672e-12    6.165322633e-12
 1259   24   16   -3.716171672e-12    6.165322633e-12
 1260   24   15   -3.716171672e-12    6.165322633e-12
 1261   24   14   -3.716171672e-12    6.165322633e-12
 1262   24   13   -3.716171672e-12    6.165322633e-12
 1263   24   12   -3.716171672e-12    6.165322633e-12
 1264   24   11   -3.716171672e-12    6.165322633e-12
 1265   24   10   -3.716171672e-12    6.165322633e-12
 1266   24    9   -3.716171672e-12    6.165322633e-12
 1267   24    8   -3.716171672e-12    6.165322633e-12
 1268   24    7   -3.716171672e-12    6.165322633e-12
 1269   24    6   -3.716171672e-12    6.165322633e-12
 1270   24    5   -3.716171672e-12    6.165322633e-12
 1271   24    4   -3.716171672e-12    6.165322633e-12
 1272   24    3   -3.716171672e-12    6.165322633e-12
 1273   24    2   -3.716171672e-12    6.165322633e-12
 1274   24    1   -3.716171672e-12    6.165322633e-12
 1275   24    0   -3.716171672e-12    6.165322633e-12
 1276   24   -1   -3.716171672e-12    6.165322633e-12
 1277   24   -2   -3.716171672e-12    6.165322633e-12
 1278   24   -3   -3.716171672e-12    6.165322633e-12
 1279   24   -4   -3.716171672e-12    6.165322633e-12
 1280   24   -5   -3.716171672e-12    6.165322633e-12
 1281   24   -6   -3.716171672e-12    6.165322633e-12
 1282   24   -7   -3.716171672e-12    6.165322633e-12
 1283   24   -8   -3.716171672e-12    6.165322633e-12
 1284   24   -9   -3.716171672e-12    6.165322633e-12
 1285   24  -10   -3.716171672e-12    6.165322633e-12
 1286   24  -11   -3.716171672e-12    6.165322633e-12
 1287   24  -12   -3.716171672e-12    6.165322633e-12
 1288   24  -13   -3.716171672e-12    6.165322633e-12
 1289   24  -14   -3.716171672e-12    6.165322633e-12
 1290   24  -15   -3.716171672e-12    6.165322633e-12
 1291   24  -16   -3.716171672e-12    6.165322633e-12
 1292   24  -17   -3.716171672e-12    6.165322633e-12
 1293   24  -18   -3.716171672e-12    6.165322633e-12
 1294   24  -19   -3.716171672e-12    6.165322633e-12
 1295   24  -20   -3.716171672e-12    6.165322633e-12
 1296   24  -21   -3.716171672e-12    6.165322633e-12
 1297   24  -22   -3.716171672e-12    6.165322633e-12
 1298   24  -23   -3.716171672e-12    6.165322633e-12
 1299   24  -24   -3.716171672e-12    6.165322633e-12
 1300   25   25   -1.891836718e-13    3.366840350e-13
 1301   25   24   -1.891836718e-13    3.366840350e-13
 1302   25   23   -1.891836718e-13    3.366840350e-13
 1303   25   22   -1.891836718e-13    3.366840350e-13
 1304   25   21   -1.891836718e-13    3.366840350e-13
 1305   25   20   -1.891836718e-13    3.366840350e-13
 1306   25   19   -1.891836718e-13    3.366840350e-13
 1307   25   18   -1.891836718e-13    3.366840350e-13
 1308   25   17   -1.891836718e-13    3.366840350e-13
 1309   25   16   -1.891836718e-13    3.366840350e-13
 1310   25   15   -1.891836718e-13    3.366840350e-13
 1311   25   14   -1.891836718e-13    3.366840350e-13
 1312   25   13   -1.891836718e-13    3.366840350e-13
 1313   25   12   -1.891836718e-13    3.366840350e-13
 1314   25   11   -1.891836718e-13    3.366840350e-13
 1315   25   10   -1.891836718e-13    3.366840350e-13
 1316   25    9   -1.891836718e-13    3.366840350e-13
 1317   25    8   -1.891836718e-13    3.366840350e-13
 1318   25    7   -1.891836718e-13    3.366840350e-13
 1319   25    6   -1.891836718e-13    3.366840350e-13
 1320   25    5   -1.891836718e-13    3.366840350e-13
 1321   25    4   -1.891836718e-13    3.366840350e-13
 1322   25    3   -1.891836718e-13    3.366840350e-13
 1323   25    2   -1.891836718e-13    3.366840350e-13
 1324   25    1   -1.891836718e-13    3.366840350e-13
 1325   25    0   -1.891836718e-13    3.366840350e-13
 1326   25   -1   -1.891836718e-13    3.366840350e-13
 1327   25   -2   -1.891836718e-13    3.366840350e-13
 1328   25   -3   -1.891836718e-13    3.366840350e-13
 1329   25   -4   -1.891836718e-13    3.366840350e-13
 1330   25   -5   -1.891836718e-13    3.366840350e-13
 1331   25   -6   -1.891836718e-13    3.366840350e-13
 1332   25   -7   -1.891836718e-13    3.366840350e-13
 1333   25   -8   -1.891836718e-13    3.366840350e-13
 1334   25   -9   -1.891836718e-13    3.366840350e-13
 1335   25  -10   -1.891836718e-13    3.366840350e-13
 1336   25  -11   -1.891836718e-13    3.366840350e-13
 1337   25  -12   -1.891836718e-13    3.366840350e-13
 1338   25  -13   -1.891836718e-13    3.366840350e-13
 1339   25  -14   -1.891836718e-13    3.366840350e-13
 1340   25  -15   -1.891836718e-13    3.366840350e-13
 1341   25  -16   -1.891836718e-13    3.366840350e-13
 1342   25  -17   -1.891836718e-13    3.366840350e-13
 1343   25  -18   -1.891836718e-13    3.366840350e-13
 1344   25  -19   -1.891836718e-13    3.366840350e-13
 1345   25  -20   -1.891836718e-13    3.366840350e-13
 1346   25  -21   -1.891836718e-13    3.366840350e-13
 1347   25  -22   -1.891836718e-13    3.366840350e-13
 1348   25  -23   -1.891836718e-13    3.366840350e-13
 1349   25  -24   -1.891836718e-13    3.366840350e-13
 1350   25  -25   -1.891836718e-13    3.366840350e-13
--------------------------
   i_    n        re(Tmatrix)        im(Tmatrix)
    1    1   -3.022942907e-01   -1.023520826e-01
    2    2   -6.513973268e-01    1.672959798e-01
    3    3   -4.552241172e-01   -2.259033326e-01
    4    4   -3.800406082e-01    2.042266277e-01
    5    5   -7.438747862e-01   -2.929625492e-02
    6    6   -3.617019249e-01   -2.167679318e-01
    7    7   -3.108130857e-01    1.955540910e-01
    8    8   -7.103704731e-01    2.019211889e-01
    9    9   -7.687939721e-01   -1.683052566e-01
   10   10   -4.864589980e-01   -3.501297571e-01
   11   11   -2.208388130e-01   -2.747925555e-01
   12   12   -8.546717484e-02   -1.360457399e-01
   13   13   -3.004522064e-02   -4.647053350e-02
   14   14   -8.741579974e-03   -1.136766176e-02
   15   15   -1.978983567e-03   -2.111214358e-03
   16   16   -3.553530127e-04   -3.151213815e-04
   17   17   -5.242408544e-05   -3.919518938e-05
   18   18   -6.526922203e-06   -4.152130032e-06
   19   19   -6.990526880e-07   -3.803483765e-07
   20   20   -6.535207264e-08   -3.048791790e-08
   21   21   -5.395644724e-09   -2.159535492e-09
   22   22   -3.972731839e-10   -1.362770931e-10
   23   23   -2.630121867e-11   -7.713548523e-12
   24   24   -1.576768711e-12   -3.937728614e-13
   25   25   -8.612169988e-14   -1.820820635e-14
   26    1   -6.957281277e-01    9.976421782e-02
   27    2   -3.515494661e-01   -1.578138115e-01
   28    3   -5.493900786e-01    2.060778962e-01
   29    4   -5.915866616e-01   -1.835671675e-01
   30    5   -3.091322267e-01    4.407126459e-02
   31    6   -6.219787999e-01    1.369471270e-01
   32    7   -5.853067293e-01   -1.429093204e-01
   33    8   -3.703330622e-01   -6.013345988e-02
   34    9   -4.454841445e-01    9.471510299e-02
   35   10   -5.480321990e-01    3.718794010e-02
   36   11   -4.799633765e-01   -4.936560338e-02
   37   12   -3.156955152e-01   -3.106942179e-02
   38   13   -1.412176328e-01    1.785095454e-02
   39   14   -3.714252092e-02    1.603506885e-02
   40   15   -6.825558016e-03    4.700636890e-03
   41   16   -1.035501730e-03    9.159546192e-04
   42   17   -1.360793550e-04    1.416033023e-04
   43   18   -1.570661979e-05    1.839613669e-05
   44   19   -1.606321560e-06    2.061590543e-06
   45   20   -1.466792536e-07    2.025236735e-07
   46   21   -1.204021099e-08    1.764347243e-08
   47   22   -8.937358674e-10    1.375524624e-09
   48   23   -6.030605795e-11    9.668375184e-11
   49   24   -3.716171672e-12    6.165322633e-12
   50   25   -1.891836718e-13    3.366840350e-13
