nmax : 
15
Wavelength (micrometers) : 
0.5
Re(nmat) : 
1.5
radius
0.25
Re (nincl) : Im (ninc)
1.8
0.1


SphericalTMatrix          
--------------------------
nmax    :    15
dimtn   :   510
--------------------------
   i_    n    m        re(Tmatrix)        im(Tmatrix)
    1    1    1   -5.055445890e-01    2.703100247e-01
    2    1    0   -5.055445890e-01    2.703100247e-01
    3    1   -1   -5.055445890e-01    2.703100247e-01
    4    2    2   -5.561503275e-01    3.101718726e-01
    5    2    1   -5.561503275e-01    3.101718726e-01
    6    2    0   -5.561503275e-01    3.101718726e-01
    7    2   -1   -5.561503275e-01    3.101718726e-01
    8    2   -2   -5.561503275e-01    3.101718726e-01
    9    3    3   -5.183426424e-01    2.475111131e-01
   10    3    2   -5.183426424e-01    2.475111131e-01
   11    3    1   -5.183426424e-01    2.475111131e-01
   12    3    0   -5.183426424e-01    2.475111131e-01
   13    3   -1   -5.183426424e-01    2.475111131e-01
   14    3   -2   -5.183426424e-01    2.475111131e-01
   15    3   -3   -5.183426424e-01    2.475111131e-01
   16    4    4   -1.917096612e-01    1.819111353e-01
   17    4    3   -1.917096612e-01    1.819111353e-01
   18    4    2   -1.917096612e-01    1.819111353e-01
   19    4    1   -1.917096612e-01    1.819111353e-01
   20    4    0   -1.917096612e-01    1.819111353e-01
   21    4   -1   -1.917096612e-01    1.819111353e-01
   22    4   -2   -1.917096612e-01    1.819111353e-01
   23    4   -3   -1.917096612e-01    1.819111353e-01
   24    4   -4   -1.917096612e-01    1.819111353e-01
   25    5    5   -2.526460863e-02    4.449814424e-02
   26    5    4   -2.526460863e-02    4.449814424e-02
   27    5    3   -2.526460863e-02    4.449814424e-02
   28    5    2   -2.526460863e-02    4.449814424e-02
   29    5    1   -2.526460863e-02    4.449814424e-02
   30    5    0   -2.526460863e-02    4.449814424e-02
   31    5   -1   -2.526460863e-02    4.449814424e-02
   32    5   -2   -2.526460863e-02    4.449814424e-02
   33    5   -3   -2.526460863e-02    4.449814424e-02
   34    5   -4   -2.526460863e-02    4.449814424e-02
   35    5   -5   -2.526460863e-02    4.449814424e-02
   36    6    6   -2.638717947e-03    5.877390096e-03
   37    6    5   -2.638717947e-03    5.877390096e-03
   38    6    4   -2.638717947e-03    5.877390096e-03
   39    6    3   -2.638717947e-03    5.877390096e-03
   40    6    2   -2.638717947e-03    5.877390096e-03
   41    6    1   -2.638717947e-03    5.877390096e-03
   42    6    0   -2.638717947e-03    5.877390096e-03
   43    6   -1   -2.638717947e-03    5.877390096e-03
   44    6   -2   -2.638717947e-03    5.877390096e-03
   45    6   -3   -2.638717947e-03    5.877390096e-03
   46    6   -4   -2.638717947e-03    5.877390096e-03
   47    6   -5   -2.638717947e-03    5.877390096e-03
   48    6   -6   -2.638717947e-03    5.877390096e-03
   49    7    7   -2.368324324e-04    5.710643110e-04
   50    7    6   -2.368324324e-04    5.710643110e-04
   51    7    5   -2.368324324e-04    5.710643110e-04
   52    7    4   -2.368324324e-04    5.710643110e-04
   53    7    3   -2.368324324e-04    5.710643110e-04
   54    7    2   -2.368324324e-04    5.710643110e-04
   55    7    1   -2.368324324e-04    5.710643110e-04
   56    7    0   -2.368324324e-04    5.710643110e-04
   57    7   -1   -2.368324324e-04    5.710643110e-04
   58    7   -2   -2.368324324e-04    5.710643110e-04
   59    7   -3   -2.368324324e-04    5.710643110e-04
   60    7   -4   -2.368324324e-04    5.710643110e-04
   61    7   -5   -2.368324324e-04    5.710643110e-04
   62    7   -6   -2.368324324e-04    5.710643110e-04
   63    7   -7   -2.368324324e-04    5.710643110e-04
   64    8    8   -1.729021323e-05    4.319475254e-05
   65    8    7   -1.729021323e-05    4.319475254e-05
   66    8    6   -1.729021323e-05    4.319475254e-05
   67    8    5   -1.729021323e-05    4.319475254e-05
   68    8    4   -1.729021323e-05    4.319475254e-05
   69    8    3   -1.729021323e-05    4.319475254e-05
   70    8    2   -1.729021323e-05    4.319475254e-05
   71    8    1   -1.729021323e-05    4.319475254e-05
   72    8    0   -1.729021323e-05    4.319475254e-05
   73    8   -1   -1.729021323e-05    4.319475254e-05
   74    8   -2   -1.729021323e-05    4.319475254e-05
   75    8   -3   -1.729021323e-05    4.319475254e-05
   76    8   -4   -1.729021323e-05    4.319475254e-05
   77    8   -5   -1.729021323e-05    4.319475254e-05
   78    8   -6   -1.729021323e-05    4.319475254e-05
   79    8   -7   -1.729021323e-05    4.319475254e-05
   80    8   -8   -1.729021323e-05    4.319475254e-05
   81    9    9   -1.023954526e-06    2.611100711e-06
   82    9    8   -1.023954526e-06    2.611100711e-06
   83    9    7   -1.023954526e-06    2.611100711e-06
   84    9    6   -1.023954526e-06    2.611100711e-06
   85    9    5   -1.023954526e-06    2.611100711e-06
   86    9    4   -1.023954526e-06    2.611100711e-06
   87    9    3   -1.023954526e-06    2.611100711e-06
   88    9    2   -1.023954526e-06    2.611100711e-06
   89    9    1   -1.023954526e-06    2.611100711e-06
   90    9    0   -1.023954526e-06    2.611100711e-06
   91    9   -1   -1.023954526e-06    2.611100711e-06
   92    9   -2   -1.023954526e-06    2.611100711e-06
   93    9   -3   -1.023954526e-06    2.611100711e-06
   94    9   -4   -1.023954526e-06    2.611100711e-06
   95    9   -5   -1.023954526e-06    2.611100711e-06
   96    9   -6   -1.023954526e-06    2.611100711e-06
   97    9   -7   -1.023954526e-06    2.611100711e-06
   98    9   -8   -1.023954526e-06    2.611100711e-06
   99    9   -9   -1.023954526e-06    2.611100711e-06
  100   10   10   -4.987232722e-08    1.289074660e-07
  101   10    9   -4.987232722e-08    1.289074660e-07
  102   10    8   -4.987232722e-08    1.289074660e-07
  103   10    7   -4.987232722e-08    1.289074660e-07
  104   10    6   -4.987232722e-08    1.289074660e-07
  105   10    5   -4.987232722e-08    1.289074660e-07
  106   10    4   -4.987232722e-08    1.289074660e-07
  107   10    3   -4.987232722e-08    1.289074660e-07
  108   10    2   -4.987232722e-08    1.289074660e-07
  109   10    1   -4.987232722e-08    1.289074660e-07
  110   10    0   -4.987232722e-08    1.289074660e-07
  111   10   -1   -4.987232722e-08    1.289074660e-07
  112   10   -2   -4.987232722e-08    1.289074660e-07
  113   10   -3   -4.987232722e-08    1.289074660e-07
  114   10   -4   -4.987232722e-08    1.289074660e-07
  115   10   -5   -4.987232722e-08    1.289074660e-07
  116   10   -6   -4.987232722e-08    1.289074660e-07
  117   10   -7   -4.987232722e-08    1.289074660e-07
  118   10   -8   -4.987232722e-08    1.289074660e-07
  119   10   -9   -4.987232722e-08    1.289074660e-07
  120   10  -10   -4.987232722e-08    1.289074660e-07
  121   11   11   -2.028958403e-09    5.294622948e-09
  122   11   10   -2.028958403e-09    5.294622948e-09
  123   11    9   -2.028958403e-09    5.294622948e-09
  124   11    8   -2.028958403e-09    5.294622948e-09
  125   11    7   -2.028958403e-09    5.294622948e-09
  126   11    6   -2.028958403e-09    5.294622948e-09
  127   11    5   -2.028958403e-09    5.294622948e-09
  128   11    4   -2.028958403e-09    5.294622948e-09
  129   11    3   -2.028958403e-09    5.294622948e-09
  130   11    2   -2.028958403e-09    5.294622948e-09
  131   11    1   -2.028958403e-09    5.294622948e-09
  132   11    0   -2.028958403e-09    5.294622948e-09
  133   11   -1   -2.028958403e-09    5.294622948e-09
  134   11   -2   -2.028958403e-09    5.294622948e-09
  135   11   -3   -2.028958403e-09    5.294622948e-09
  136   11   -4   -2.028958403e-09    5.294622948e-09
  137   11   -5   -2.028958403e-09    5.294622948e-09
  138   11   -6   -2.028958403e-09    5.294622948e-09
  139   11   -7   -2.028958403e-09    5.294622948e-09
  140   11   -8   -2.028958403e-09    5.294622948e-09
  141   11   -9   -2.028958403e-09    5.294622948e-09
  142   11  -10   -2.028958403e-09    5.294622948e-09
  143   11  -11   -2.028958403e-09    5.294622948e-09
  144   12   12   -6.993302124e-11    1.837799893e-10
  145   12   11   -6.993302124e-11    1.837799893e-10
  146   12   10   -6.993302124e-11    1.837799893e-10
  147   12    9   -6.993302124e-11    1.837799893e-10
  148   12    8   -6.993302124e-11    1.837799893e-10
  149   12    7   -6.993302124e-11    1.837799893e-10
  150   12    6   -6.993302124e-11    1.837799893e-10
  151   12    5   -6.993302124e-11    1.837799893e-10
  152   12    4   -6.993302124e-11    1.837799893e-10
  153   12    3   -6.993302124e-11    1.837799893e-10
  154   12    2   -6.993302124e-11    1.837799893e-10
  155   12    1   -6.993302124e-11    1.837799893e-10
  156   12    0   -6.993302124e-11    1.837799893e-10
  157   12   -1   -6.993302124e-11    1.837799893e-10
  158   12   -2   -6.993302124e-11    1.837799893e-10
  159   12   -3   -6.993302124e-11    1.837799893e-10
  160   12   -4   -6.993302124e-11    1.837799893e-10
  161   12   -5   -6.993302124e-11    1.837799893e-10
  162   12   -6   -6.993302124e-11    1.837799893e-10
  163   12   -7   -6.993302124e-11    1.837799893e-10
  164   12   -8   -6.993302124e-11    1.837799893e-10
  165   12   -9   -6.993302124e-11    1.837799893e-10
  166   12  -10   -6.993302124e-11    1.837799893e-10
  167   12  -11   -6.993302124e-11    1.837799893e-10
  168   12  -12   -6.993302124e-11    1.837799893e-10
  169   13   13   -2.067753505e-12    5.463123372e-12
  170   13   12   -2.067753505e-12    5.463123372e-12
  171   13   11   -2.067753505e-12    5.463123372e-12
  172   13   10   -2.067753505e-12    5.463123372e-12
  173   13    9   -2.067753505e-12    5.463123372e-12
  174   13    8   -2.067753505e-12    5.463123372e-12
  175   13    7   -2.067753505e-12    5.463123372e-12
  176   13    6   -2.067753505e-12    5.463123372e-12
  177   13    5   -2.067753505e-12    5.463123372e-12
  178   13    4   -2.067753505e-12    5.463123372e-12
  179   13    3   -2.067753505e-12    5.463123372e-12
  180   13    2   -2.067753505e-12    5.463123372e-12
  181   13    1   -2.067753505e-12    5.463123372e-12
  182   13    0   -2.067753505e-12    5.463123372e-12
  183   13   -1   -2.067753505e-12    5.463123372e-12
  184   13   -2   -2.067753505e-12    5.463123372e-12
  185   13   -3   -2.067753505e-12    5.463123372e-12
  186   13   -4   -2.067753505e-12    5.463123372e-12
  187   13   -5   -2.067753505e-12    5.463123372e-12
  188   13   -6   -2.067753505e-12    5.463123372e-12
  189   13   -7   -2.067753505e-12    5.463123372e-12
  190   13   -8   -2.067753505e-12    5.463123372e-12
  191   13   -9   -2.067753505e-12    5.463123372e-12
  192   13  -10   -2.067753505e-12    5.463123372e-12
  193   13  -11   -2.067753505e-12    5.463123372e-12
  194   13  -12   -2.067753505e-12    5.463123372e-12
  195   13  -13   -2.067753505e-12    5.463123372e-12
  196   14   14   -5.302033234e-14    1.406705302e-13
  197   14   13   -5.302033234e-14    1.406705302e-13
  198   14   12   -5.302033234e-14    1.406705302e-13
  199   14   11   -5.302033234e-14    1.406705302e-13
  200   14   10   -5.302033234e-14    1.406705302e-13
  201   14    9   -5.302033234e-14    1.406705302e-13
  202   14    8   -5.302033234e-14    1.406705302e-13
  203   14    7   -5.302033234e-14    1.406705302e-13
  204   14    6   -5.302033234e-14    1.406705302e-13
  205   14    5   -5.302033234e-14    1.406705302e-13
  206   14    4   -5.302033234e-14    1.406705302e-13
  207   14    3   -5.302033234e-14    1.406705302e-13
  208   14    2   -5.302033234e-14    1.406705302e-13
  209   14    1   -5.302033234e-14    1.406705302e-13
  210   14    0   -5.302033234e-14    1.406705302e-13
  211   14   -1   -5.302033234e-14    1.406705302e-13
  212   14   -2   -5.302033234e-14    1.406705302e-13
  213   14   -3   -5.302033234e-14    1.406705302e-13
  214   14   -4   -5.302033234e-14    1.406705302e-13
  215   14   -5   -5.302033234e-14    1.406705302e-13
  216   14   -6   -5.302033234e-14    1.406705302e-13
  217   14   -7   -5.302033234e-14    1.406705302e-13
  218   14   -8   -5.302033234e-14    1.406705302e-13
  219   14   -9   -5.302033234e-14    1.406705302e-13
  220   14  -10   -5.302033234e-14    1.406705302e-13
  221   14  -11   -5.302033234e-14    1.406705302e-13
  222   14  -12   -5.302033234e-14    1.406705302e-13
  223   14  -13   -5.302033234e-14    1.406705302e-13
  224   14  -14   -5.302033234e-14    1.406705302e-13
  225   15   15   -1.190251377e-15    3.168480287e-15
  226   15   14   -1.190251377e-15    3.168480287e-15
  227   15   13   -1.190251377e-15    3.168480287e-15
  228   15   12   -1.190251377e-15    3.168480287e-15
  229   15   11   -1.190251377e-15    3.168480287e-15
  230   15   10   -1.190251377e-15    3.168480287e-15
  231   15    9   -1.190251377e-15    3.168480287e-15
  232   15    8   -1.190251377e-15    3.168480287e-15
  233   15    7   -1.190251377e-15    3.168480287e-15
  234   15    6   -1.190251377e-15    3.168480287e-15
  235   15    5   -1.190251377e-15    3.168480287e-15
  236   15    4   -1.190251377e-15    3.168480287e-15
  237   15    3   -1.190251377e-15    3.168480287e-15
  238   15    2   -1.190251377e-15    3.168480287e-15
  239   15    1   -1.190251377e-15    3.168480287e-15
  240   15    0   -1.190251377e-15    3.168480287e-15
  241   15   -1   -1.190251377e-15    3.168480287e-15
  242   15   -2   -1.190251377e-15    3.168480287e-15
  243   15   -3   -1.190251377e-15    3.168480287e-15
  244   15   -4   -1.190251377e-15    3.168480287e-15
  245   15   -5   -1.190251377e-15    3.168480287e-15
  246   15   -6   -1.190251377e-15    3.168480287e-15
  247   15   -7   -1.190251377e-15    3.168480287e-15
  248   15   -8   -1.190251377e-15    3.168480287e-15
  249   15   -9   -1.190251377e-15    3.168480287e-15
  250   15  -10   -1.190251377e-15    3.168480287e-15
  251   15  -11   -1.190251377e-15    3.168480287e-15
  252   15  -12   -1.190251377e-15    3.168480287e-15
  253   15  -13   -1.190251377e-15    3.168480287e-15
  254   15  -14   -1.190251377e-15    3.168480287e-15
  255   15  -15   -1.190251377e-15    3.168480287e-15
  256    1    1   -6.108318154e-01    2.579421090e-01
  257    1    0   -6.108318154e-01    2.579421090e-01
  258    1   -1   -6.108318154e-01    2.579421090e-01
  259    2    2   -5.100303235e-01    2.611890118e-01
  260    2    1   -5.100303235e-01    2.611890118e-01
  261    2    0   -5.100303235e-01    2.611890118e-01
  262    2   -1   -5.100303235e-01    2.611890118e-01
  263    2   -2   -5.100303235e-01    2.611890118e-01
  264    3    3   -4.083774568e-01    3.022972079e-01
  265    3    2   -4.083774568e-01    3.022972079e-01
  266    3    1   -4.083774568e-01    3.022972079e-01
  267    3    0   -4.083774568e-01    3.022972079e-01
  268    3   -1   -4.083774568e-01    3.022972079e-01
  269    3   -2   -4.083774568e-01    3.022972079e-01
  270    3   -3   -4.083774568e-01    3.022972079e-01
  271    4    4   -2.336041832e-01    2.498663284e-01
  272    4    3   -2.336041832e-01    2.498663284e-01
  273    4    2   -2.336041832e-01    2.498663284e-01
  274    4    1   -2.336041832e-01    2.498663284e-01
  275    4    0   -2.336041832e-01    2.498663284e-01
  276    4   -1   -2.336041832e-01    2.498663284e-01
  277    4   -2   -2.336041832e-01    2.498663284e-01
  278    4   -3   -2.336041832e-01    2.498663284e-01
  279    4   -4   -2.336041832e-01    2.498663284e-01
  280    5    5   -5.242250557e-02    9.936415188e-02
  281    5    4   -5.242250557e-02    9.936415188e-02
  282    5    3   -5.242250557e-02    9.936415188e-02
  283    5    2   -5.242250557e-02    9.936415188e-02
  284    5    1   -5.242250557e-02    9.936415188e-02
  285    5    0   -5.242250557e-02    9.936415188e-02
  286    5   -1   -5.242250557e-02    9.936415188e-02
  287    5   -2   -5.242250557e-02    9.936415188e-02
  288    5   -3   -5.242250557e-02    9.936415188e-02
  289    5   -4   -5.242250557e-02    9.936415188e-02
  290    5   -5   -5.242250557e-02    9.936415188e-02
  291    6    6   -7.179491368e-03    1.929648556e-02
  292    6    5   -7.179491368e-03    1.929648556e-02
  293    6    4   -7.179491368e-03    1.929648556e-02
  294    6    3   -7.179491368e-03    1.929648556e-02
  295    6    2   -7.179491368e-03    1.929648556e-02
  296    6    1   -7.179491368e-03    1.929648556e-02
  297    6    0   -7.179491368e-03    1.929648556e-02
  298    6   -1   -7.179491368e-03    1.929648556e-02
  299    6   -2   -7.179491368e-03    1.929648556e-02
  300    6   -3   -7.179491368e-03    1.929648556e-02
  301    6   -4   -7.179491368e-03    1.929648556e-02
  302    6   -5   -7.179491368e-03    1.929648556e-02
  303    6   -6   -7.179491368e-03    1.929648556e-02
  304    7    7   -8.305431771e-04    2.522319220e-03
  305    7    6   -8.305431771e-04    2.522319220e-03
  306    7    5   -8.305431771e-04    2.522319220e-03
  307    7    4   -8.305431771e-04    2.522319220e-03
  308    7    3   -8.305431771e-04    2.522319220e-03
  309    7    2   -8.305431771e-04    2.522319220e-03
  310    7    1   -8.305431771e-04    2.522319220e-03
  311    7    0   -8.305431771e-04    2.522319220e-03
  312    7   -1   -8.305431771e-04    2.522319220e-03
  313    7   -2   -8.305431771e-04    2.522319220e-03
  314    7   -3   -8.305431771e-04    2.522319220e-03
  315    7   -4   -8.305431771e-04    2.522319220e-03
  316    7   -5   -8.305431771e-04    2.522319220e-03
  317    7   -6   -8.305431771e-04    2.522319220e-03
  318    7   -7   -8.305431771e-04    2.522319220e-03
  319    8    8   -7.782198521e-05    2.463369735e-04
  320    8    7   -7.782198521e-05    2.463369735e-04
  321    8    6   -7.782198521e-05    2.463369735e-04
  322    8    5   -7.782198521e-05    2.463369735e-04
  323    8    4   -7.782198521e-05    2.463369735e-04
  324    8    3   -7.782198521e-05    2.463369735e-04
  325    8    2   -7.782198521e-05    2.463369735e-04
  326    8    1   -7.782198521e-05    2.463369735e-04
  327    8    0   -7.782198521e-05    2.463369735e-04
  328    8   -1   -7.782198521e-05    2.463369735e-04
  329    8   -2   -7.782198521e-05    2.463369735e-04
  330    8   -3   -7.782198521e-05    2.463369735e-04
  331    8   -4   -7.782198521e-05    2.463369735e-04
  332    8   -5   -7.782198521e-05    2.463369735e-04
  333    8   -6   -7.782198521e-05    2.463369735e-04
  334    8   -7   -7.782198521e-05    2.463369735e-04
  335    8   -8   -7.782198521e-05    2.463369735e-04
  336    9    9   -5.788119581e-06    1.867312834e-05
  337    9    8   -5.788119581e-06    1.867312834e-05
  338    9    7   -5.788119581e-06    1.867312834e-05
  339    9    6   -5.788119581e-06    1.867312834e-05
  340    9    5   -5.788119581e-06    1.867312834e-05
  341    9    4   -5.788119581e-06    1.867312834e-05
  342    9    3   -5.788119581e-06    1.867312834e-05
  343    9    2   -5.788119581e-06    1.867312834e-05
  344    9    1   -5.788119581e-06    1.867312834e-05
  345    9    0   -5.788119581e-06    1.867312834e-05
  346    9   -1   -5.788119581e-06    1.867312834e-05
  347    9   -2   -5.788119581e-06    1.867312834e-05
  348    9   -3   -5.788119581e-06    1.867312834e-05
  349    9   -4   -5.788119581e-06    1.867312834e-05
  350    9   -5   -5.788119581e-06    1.867312834e-05
  351    9   -6   -5.788119581e-06    1.867312834e-05
  352    9   -7   -5.788119581e-06    1.867312834e-05
  353    9   -8   -5.788119581e-06    1.867312834e-05
  354    9   -9   -5.788119581e-06    1.867312834e-05
  355   10   10   -3.460727868e-07    1.129057916e-06
  356   10    9   -3.460727868e-07    1.129057916e-06
  357   10    8   -3.460727868e-07    1.129057916e-06
  358   10    7   -3.460727868e-07    1.129057916e-06
  359   10    6   -3.460727868e-07    1.129057916e-06
  360   10    5   -3.460727868e-07    1.129057916e-06
  361   10    4   -3.460727868e-07    1.129057916e-06
  362   10    3   -3.460727868e-07    1.129057916e-06
  363   10    2   -3.460727868e-07    1.129057916e-06
  364   10    1   -3.460727868e-07    1.129057916e-06
  365   10    0   -3.460727868e-07    1.129057916e-06
  366   10   -1   -3.460727868e-07    1.129057916e-06
  367   10   -2   -3.460727868e-07    1.129057916e-06
  368   10   -3   -3.460727868e-07    1.129057916e-06
  369   10   -4   -3.460727868e-07    1.129057916e-06
  370   10   -5   -3.460727868e-07    1.129057916e-06
  371   10   -6   -3.460727868e-07    1.129057916e-06
  372   10   -7   -3.460727868e-07    1.129057916e-06
  373   10   -8   -3.460727868e-07    1.129057916e-06
  374   10   -9   -3.460727868e-07    1.129057916e-06
  375   10  -10   -3.460727868e-07    1.129057916e-06
  376   11   11   -1.694814307e-08    5.570768695e-08
  377   11   10   -1.694814307e-08    5.570768695e-08
  378   11    9   -1.694814307e-08    5.570768695e-08
  379   11    8   -1.694814307e-08    5.570768695e-08
  380   11    7   -1.694814307e-08    5.570768695e-08
  381   11    6   -1.694814307e-08    5.570768695e-08
  382   11    5   -1.694814307e-08    5.570768695e-08
  383   11    4   -1.694814307e-08    5.570768695e-08
  384   11    3   -1.694814307e-08    5.570768695e-08
  385   11    2   -1.694814307e-08    5.570768695e-08
  386   11    1   -1.694814307e-08    5.570768695e-08
  387   11    0   -1.694814307e-08    5.570768695e-08
  388   11   -1   -1.694814307e-08    5.570768695e-08
  389   11   -2   -1.694814307e-08    5.570768695e-08
  390   11   -3   -1.694814307e-08    5.570768695e-08
  391   11   -4   -1.694814307e-08    5.570768695e-08
  392   11   -5   -1.694814307e-08    5.570768695e-08
  393   11   -6   -1.694814307e-08    5.570768695e-08
  394   11   -7   -1.694814307e-08    5.570768695e-08
  395   11   -8   -1.694814307e-08    5.570768695e-08
  396   11   -9   -1.694814307e-08    5.570768695e-08
  397   11  -10   -1.694814307e-08    5.570768695e-08
  398   11  -11   -1.694814307e-08    5.570768695e-08
  399   12   12   -6.917750217e-10    2.285936969e-09
  400   12   11   -6.917750217e-10    2.285936969e-09
  401   12   10   -6.917750217e-10    2.285936969e-09
  402   12    9   -6.917750217e-10    2.285936969e-09
  403   12    8   -6.917750217e-10    2.285936969e-09
  404   12    7   -6.917750217e-10    2.285936969e-09
  405   12    6   -6.917750217e-10    2.285936969e-09
  406   12    5   -6.917750217e-10    2.285936969e-09
  407   12    4   -6.917750217e-10    2.285936969e-09
  408   12    3   -6.917750217e-10    2.285936969e-09
  409   12    2   -6.917750217e-10    2.285936969e-09
  410   12    1   -6.917750217e-10    2.285936969e-09
  411   12    0   -6.917750217e-10    2.285936969e-09
  412   12   -1   -6.917750217e-10    2.285936969e-09
  413   12   -2   -6.917750217e-10    2.285936969e-09
  414   12   -3   -6.917750217e-10    2.285936969e-09
  415   12   -4   -6.917750217e-10    2.285936969e-09
  416   12   -5   -6.917750217e-10    2.285936969e-09
  417   12   -6   -6.917750217e-10    2.285936969e-09
  418   12   -7   -6.917750217e-10    2.285936969e-09
  419   12   -8   -6.917750217e-10    2.285936969e-09
  420   12   -9   -6.917750217e-10    2.285936969e-09
  421   12  -10   -6.917750217e-10    2.285936969e-09
  422   12  -11   -6.917750217e-10    2.285936969e-09
  423   12  -12   -6.917750217e-10    2.285936969e-09
  424   13   13   -2.389171958e-11    7.926110167e-11
  425   13   12   -2.389171958e-11    7.926110167e-11
  426   13   11   -2.389171958e-11    7.926110167e-11
  427   13   10   -2.389171958e-11    7.926110167e-11
  428   13    9   -2.389171958e-11    7.926110167e-11
  429   13    8   -2.389171958e-11    7.926110167e-11
  430   13    7   -2.389171958e-11    7.926110167e-11
  431   13    6   -2.389171958e-11    7.926110167e-11
  432   13    5   -2.389171958e-11    7.926110167e-11
  433   13    4   -2.389171958e-11    7.926110167e-11
  434   13    3   -2.389171958e-11    7.926110167e-11
  435   13    2   -2.389171958e-11    7.926110167e-11
  436   13    1   -2.389171958e-11    7.926110167e-11
  437   13    0   -2.389171958e-11    7.926110167e-11
  438   13   -1   -2.389171958e-11    7.926110167e-11
  439   13   -2   -2.389171958e-11    7.926110167e-11
  440   13   -3   -2.389171958e-11    7.926110167e-11
  441   13   -4   -2.389171958e-11    7.926110167e-11
  442   13   -5   -2.389171958e-11    7.926110167e-11
  443   13   -6   -2.389171958e-11    7.926110167e-11
  444   13   -7   -2.389171958e-11    7.926110167e-11
  445   13   -8   -2.389171958e-11    7.926110167e-11
  446   13   -9   -2.389171958e-11    7.926110167e-11
  447   13  -10   -2.389171958e-11    7.926110167e-11
  448   13  -11   -2.389171958e-11    7.926110167e-11
  449   13  -12   -2.389171958e-11    7.926110167e-11
  450   13  -13   -2.389171958e-11    7.926110167e-11
  451   14   14   -7.072798936e-13    2.353531433e-12
  452   14   13   -7.072798936e-13    2.353531433e-12
  453   14   12   -7.072798936e-13    2.353531433e-12
  454   14   11   -7.072798936e-13    2.353531433e-12
  455   14   10   -7.072798936e-13    2.353531433e-12
  456   14    9   -7.072798936e-13    2.353531433e-12
  457   14    8   -7.072798936e-13    2.353531433e-12
  458   14    7   -7.072798936e-13    2.353531433e-12
  459   14    6   -7.072798936e-13    2.353531433e-12
  460   14    5   -7.072798936e-13    2.353531433e-12
  461   14    4   -7.072798936e-13    2.353531433e-12
  462   14    3   -7.072798936e-13    2.353531433e-12
  463   14    2   -7.072798936e-13    2.353531433e-12
  464   14    1   -7.072798936e-13    2.353531433e-12
  465   14    0   -7.072798936e-13    2.353531433e-12
  466   14   -1   -7.072798936e-13    2.353531433e-12
  467   14   -2   -7.072798936e-13    2.353531433e-12
  468   14   -3   -7.072798936e-13    2.353531433e-12
  469   14   -4   -7.072798936e-13    2.353531433e-12
  470   14   -5   -7.072798936e-13    2.353531433e-12
  471   14   -6   -7.072798936e-13    2.353531433e-12
  472   14   -7   -7.072798936e-13    2.353531433e-12
  473   14   -8   -7.072798936e-13    2.353531433e-12
  474   14   -9   -7.072798936e-13    2.353531433e-12
  475   14  -10   -7.072798936e-13    2.353531433e-12
  476   14  -11   -7.072798936e-13    2.353531433e-12
  477   14  -12   -7.072798936e-13    2.353531433e-12
  478   14  -13   -7.072798936e-13    2.353531433e-12
  479   14  -14   -7.072798936e-13    2.353531433e-12
  480   15   15   -1.659747921e-14    5.611520963e-14
  481   15   14   -1.659747921e-14    5.611520963e-14
  482   15   13   -1.659747921e-14    5.611520963e-14
  483   15   12   -1.659747921e-14    5.611520963e-14
  484   15   11   -1.659747921e-14    5.611520963e-14
  485   15   10   -1.659747921e-14    5.611520963e-14
  486   15    9   -1.659747921e-14    5.611520963e-14
  487   15    8   -1.659747921e-14    5.611520963e-14
  488   15    7   -1.659747921e-14    5.611520963e-14
  489   15    6   -1.659747921e-14    5.611520963e-14
  490   15    5   -1.659747921e-14    5.611520963e-14
  491   15    4   -1.659747921e-14    5.611520963e-14
  492   15    3   -1.659747921e-14    5.611520963e-14
  493   15    2   -1.659747921e-14    5.611520963e-14
  494   15    1   -1.659747921e-14    5.611520963e-14
  495   15    0   -1.659747921e-14    5.611520963e-14
  496   15   -1   -1.659747921e-14    5.611520963e-14
  497   15   -2   -1.659747921e-14    5.611520963e-14
  498   15   -3   -1.659747921e-14    5.611520963e-14
  499   15   -4   -1.659747921e-14    5.611520963e-14
  500   15   -5   -1.659747921e-14    5.611520963e-14
  501   15   -6   -1.659747921e-14    5.611520963e-14
  502   15   -7   -1.659747921e-14    5.611520963e-14
  503   15   -8   -1.659747921e-14    5.611520963e-14
  504   15   -9   -1.659747921e-14    5.611520963e-14
  505   15  -10   -1.659747921e-14    5.611520963e-14
  506   15  -11   -1.659747921e-14    5.611520963e-14
  507   15  -12   -1.659747921e-14    5.611520963e-14
  508   15  -13   -1.659747921e-14    5.611520963e-14
  509   15  -14   -1.659747921e-14    5.611520963e-14
  510   15  -15   -1.659747921e-14    5.611520963e-14
--------------------------
   i_    n        re(Tmatrix)        im(Tmatrix)
    1    1   -5.055445890e-01    2.703100247e-01
    2    2   -5.561503275e-01    3.101718726e-01
    3    3   -5.183426424e-01    2.475111131e-01
    4    4   -1.917096612e-01    1.819111353e-01
    5    5   -2.526460863e-02    4.449814424e-02
    6    6   -2.638717947e-03    5.877390096e-03
    7    7   -2.368324324e-04    5.710643110e-04
    8    8   -1.729021323e-05    4.319475254e-05
    9    9   -1.023954526e-06    2.611100711e-06
   10   10   -4.987232722e-08    1.289074660e-07
   11   11   -2.028958403e-09    5.294622948e-09
   12   12   -6.993302124e-11    1.837799893e-10
   13   13   -2.067753505e-12    5.463123372e-12
   14   14   -5.302033234e-14    1.406705302e-13
   15   15   -1.190251377e-15    3.168480287e-15
   16    1   -6.108318154e-01    2.579421090e-01
   17    2   -5.100303235e-01    2.611890118e-01
   18    3   -4.083774568e-01    3.022972079e-01
   19    4   -2.336041832e-01    2.498663284e-01
   20    5   -5.242250557e-02    9.936415188e-02
   21    6   -7.179491368e-03    1.929648556e-02
   22    7   -8.305431771e-04    2.522319220e-03
   23    8   -7.782198521e-05    2.463369735e-04
   24    9   -5.788119581e-06    1.867312834e-05
   25   10   -3.460727868e-07    1.129057916e-06
   26   11   -1.694814307e-08    5.570768695e-08
   27   12   -6.917750217e-10    2.285936969e-09
   28   13   -2.389171958e-11    7.926110167e-11
   29   14   -7.072798936e-13    2.353531433e-12
   30   15   -1.659747921e-14    5.611520963e-14
